* Measurement data measured by REW V5.31.3
* Source: Input device not selected, no input selected, R, volume: no control
* Format: 256k Log Swept Sine, 1 sweep at -12.0 dBFS with no timing reference
* Dated: Sep 16, 2025 3:03:05 PM
* REW Settings:
*  C-weighting compensation: Off
*  Target level: 75.0 dB
* Note: ; 
* Measurement: 1
* Smoothing: 1/6 octave
* Frequency Step: 96 ppo
* Start Frequency: 20.141602 Hz
*
* Freq(Hz) SPL(dB) Phase(degrees)
20.141602 58.533 80.7108
20.287556 58.728 79.4040
20.434568 58.977 77.6918
20.582645 59.267 75.6399
20.731796 59.581 73.3141
20.882027 59.909 70.7757
21.033346 60.240 68.0780
21.185763 60.568 65.2661
21.339284 60.886 62.3774
21.493917 61.192 59.4428
21.649671 61.483 56.4891
21.806553 61.758 53.5396
21.964572 62.016 50.6155
22.123737 62.259 47.7365
22.284054 62.487 44.9212
22.445534 62.702 42.1864
22.608183 62.906 39.5465
22.772012 63.104 37.0129
22.937027 63.297 34.5923
23.103238 63.490 32.2866
23.270654 63.684 30.0922
23.439282 63.883 28.0005
23.609133 64.087 25.9996
23.780215 64.296 24.0766
23.952536 64.506 22.2207
24.126106 64.717 20.4264
24.300934 64.924 18.6966
24.477028 65.126 17.0444
24.654399 65.321 15.4932
24.833055 65.512 14.0755
25.013005 65.703 12.8295
25.194260 65.901 11.7941
25.376828 66.117 11.0020
25.560719 66.365 10.4717
25.745942 66.658 10.2006
25.932508 67.007 10.1604
26.120426 67.421 10.2972
26.309705 67.903 10.5379
26.500356 68.450 10.8013
26.692388 69.057 11.0109
26.885812 69.716 11.1037
27.080638 70.418 11.0341
27.276876 71.155 10.7702
27.474535 71.921 10.2873
27.673627 72.707 9.5596
27.874161 73.506 8.5558
28.076149 74.310 7.2387
28.279600 75.110 5.5686
28.484526 75.896 3.5104
28.690937 76.658 1.0405
28.898843 77.387 -1.8486
29.108256 78.074 -5.1461
29.319186 78.713 -8.8244
29.531645 79.297 -12.8415
29.745644 79.822 -17.1454
29.961193 80.287 -21.6780
30.178304 80.691 -26.3780
30.396989 81.034 -31.1846
30.617258 81.318 -36.0391
30.839123 81.548 -40.8874
31.062596 81.728 -45.6812
31.287688 81.865 -50.3794
31.514412 81.966 -54.9497
31.742778 82.038 -59.3685
31.972800 82.089 -63.6217
32.204488 82.125 -67.7041
32.437855 82.154 -71.6180
32.672913 82.181 -75.3714
32.909674 82.209 -78.9765
33.148151 82.241 -82.4470
33.388356 82.279 -85.7966
33.630302 82.322 -89.0384
33.874001 82.373 -92.1841
34.119466 82.431 -95.2442
34.366710 82.495 -98.2288
34.615745 82.567 -101.1475
34.866585 82.647 -104.0100
35.119243 82.733 -106.8259
35.373731 82.826 -109.6044
35.630064 82.926 -112.3541
35.888254 83.030 -115.0822
36.148315 83.140 -117.7952
36.410261 83.252 -120.4979
36.674104 83.368 -123.1949
36.939860 83.485 -125.8895
37.207542 83.604 -128.5851
37.477163 83.723 -131.2845
37.748738 83.842 -133.9908
38.022281 83.959 -136.7063
38.297806 84.074 -139.4331
38.575327 84.186 -142.1722
38.854860 84.292 -144.9231
39.136419 84.391 -147.6836
39.420017 84.483 -150.4490
39.705671 84.566 -153.2123
39.993395 84.641 -155.9648
40.283203 84.707 -158.6964
40.575112 84.765 -161.3977
40.869136 84.819 -164.0607
41.165290 84.870 -166.6806
41.463591 84.922 -169.2569
41.764053 84.977 -171.7937
42.066693 85.038 -174.2993
42.371525 85.107 -176.7853
42.678567 85.184 -179.2650
42.987834 85.271 178.2477
43.299341 85.365 175.7398
43.613106 85.465 173.1999
43.929145 85.571 170.6188
44.247473 85.679 167.9893
44.568109 85.787 165.3063
44.891068 85.894 162.5670
45.216367 85.996 159.7705
45.544023 86.092 156.9179
45.874054 86.180 154.0123
46.206476 86.257 151.0584
46.541307 86.322 148.0624
46.878565 86.373 145.0314
47.218266 86.411 141.9732
47.560429 86.433 138.8960
47.905072 86.438 135.8084
48.252212 86.427 132.7196
48.601867 86.399 129.6401
48.954056 86.352 126.5818
49.308798 86.287 123.5588
49.666109 86.203 120.5869
50.026010 86.101 117.6831
50.388520 85.982 114.8649
50.753656 85.849 112.1490
51.121437 85.704 109.5496
51.491884 85.551 107.0776
51.865016 85.394 104.7396
52.240851 85.238 102.5372
52.619410 85.088 100.4661
53.000712 84.948 98.5163
53.384777 84.823 96.6718
53.771625 84.718 94.9111
54.161276 84.636 93.2084
54.553751 84.578 91.5353
54.949070 84.545 89.8624
55.347254 84.538 88.1611
55.748323 84.555 86.4045
56.152298 84.595 84.5689
56.559201 84.654 82.6335
56.969052 84.731 80.5816
57.381873 84.822 78.4005
57.797686 84.924 76.0815
58.216512 85.034 73.6202
58.638373 85.149 71.0152
59.063291 85.268 68.2675
59.491288 85.388 65.3796
59.922386 85.510 62.3531
60.356608 85.630 59.1880
60.793977 85.749 55.8808
61.234515 85.866 52.4246
61.678246 85.976 48.8101
62.125192 86.077 45.0270
62.575377 86.165 41.0669
63.028824 86.235 36.9245
63.485557 86.281 32.5994
63.945599 86.298 28.0959
64.408975 86.283 23.4230
64.875709 86.229 18.5939
65.345825 86.134 13.6270
65.819348 85.994 8.5459
66.296302 85.803 3.3820
66.776713 85.557 -1.8254
67.260604 85.254 -7.0274
67.748002 84.889 -12.1660
68.238932 84.461 -17.1764
68.733420 83.969 -21.9899
69.231490 83.414 -26.5380
69.733170 82.800 -30.7566
70.238485 82.131 -34.5914
70.747463 81.414 -38.0020
71.260128 80.657 -40.9686
71.776508 79.871 -43.4968
72.296630 79.069 -45.6228
72.820521 78.267 -47.4165
73.348209 77.481 -48.9808
73.879720 76.730 -50.4471
74.415083 76.035 -51.9657
74.954326 75.410 -53.6907
75.497475 74.869 -55.7639
76.044561 74.416 -58.3004
76.595612 74.049 -61.3793
77.150655 73.757 -65.0432
77.709720 73.529 -69.3030
78.272837 73.352 -74.1466
78.840034 73.216 -79.5487
79.411342 73.116 -85.4771
79.986789 73.051 -91.8972
80.566406 73.021 -98.7720
81.150224 73.030 -106.0591
81.738272 73.081 -113.7060
82.330581 73.179 -121.6459
82.927182 73.324 -129.7954
83.528107 73.515 -138.0563
84.133386 73.750 -146.3228
84.743051 74.022 -154.4919
85.357134 74.324 -162.4743
85.975667 74.646 -170.2031
86.598682 74.981 -177.6362
87.226212 75.318 175.2435
87.858289 75.649 168.4341
88.494946 75.968 161.9185
89.136217 76.267 155.6714
89.782135 76.541 149.6634
90.432733 76.785 143.8669
91.088046 76.996 138.2596
91.748108 77.170 132.8287
92.412952 77.305 127.5724
93.082615 77.401 122.5008
93.757130 77.459 117.6324
94.436533 77.482 112.9911
95.120859 77.478 108.6003
95.810144 77.450 104.4797
96.504423 77.408 100.6411
97.203734 77.359 97.0869
97.908112 77.309 93.8097
98.617595 77.266 90.7923
99.332219 77.235 88.0097
100.052021 77.223 85.4312
100.777039 77.234 83.0220
101.507311 77.272 80.7455
102.242875 77.341 78.5642
102.983769 77.444 76.4404
103.730032 77.583 74.3367
104.481702 77.759 72.2159
105.238820 77.970 70.0405
106.001424 78.216 67.7731
106.769554 78.494 65.3755
107.543250 78.799 62.8096
108.322553 79.128 60.0388
109.107503 79.473 57.0294
109.898141 79.830 53.7526
110.694508 80.192 50.1859
111.496646 80.553 46.3138
112.304596 80.907 42.1272
113.118402 81.247 37.6223
113.938104 81.567 32.7983
114.763747 81.861 27.6559
115.595372 82.123 22.1958
116.433024 82.345 16.4184
117.276746 82.521 10.3257
118.126581 82.643 3.9243
118.982575 82.704 -2.7726
119.844772 82.698 -9.7416
120.713217 82.622 -16.9499
121.587954 82.475 -24.3585
122.469031 82.262 -31.9283
123.356492 81.988 -39.6259
124.250384 81.668 -47.4274
125.150753 81.317 -55.3184
126.057647 80.959 -63.2900
126.971113 80.619 -71.3339
127.891198 80.331 -79.4377
128.817950 80.129 -87.5833
129.751418 80.047 -95.7473
130.691651 80.107 -103.9065
131.638696 80.317 -112.0435
132.592604 80.665 -120.1503
133.553425 81.123 -128.2295
134.521208 81.657 -136.2906
135.496004 82.232 -144.3430
136.477864 82.817 -152.3916
137.466839 83.392 -160.4326
138.462981 83.941 -168.4526
139.466340 84.456 -176.4314
140.476971 84.932 175.6534
141.494925 85.370 167.8215
142.520256 85.768 160.0837
143.553016 86.127 152.4412
144.593260 86.445 144.8884
145.641043 86.720 137.4199
146.696418 86.948 130.0352
147.759441 87.128 122.7415
148.830166 87.261 115.5508
149.908651 87.348 108.4753
150.994951 87.390 101.5244
152.089123 87.389 94.7053
153.191223 87.344 88.0248
154.301310 87.250 81.4952
155.419441 87.103 75.1401
156.545674 86.896 68.9994
157.680069 86.625 63.1324
158.822683 86.284 57.6196
159.973578 85.875 52.5593
161.132813 85.400 48.0659
162.300447 84.866 44.2688
163.476543 84.286 41.3160
164.661162 83.676 39.3779
165.854364 83.060 38.6383
167.056213 82.464 39.2515
168.266772 81.922 41.2450
169.486102 81.469 44.3833
170.714268 81.136 48.0992
171.951334 80.938 51.6298
173.197364 80.873 54.3169
174.452424 80.922 55.8213
175.716578 81.054 56.1135
176.989893 81.239 55.3422
178.272434 81.448 53.7120
179.564270 81.660 51.4174
180.865467 81.861 48.6172
182.176092 82.037 45.4326
183.496216 82.182 41.9546
184.825905 82.287 38.2548
186.165229 82.346 34.3960
187.514259 82.353 30.4419
188.873065 82.301 26.4641
190.241717 82.185 22.5494
191.620287 82.002 18.8076
193.008847 81.749 15.3820
194.407468 81.426 12.4598
195.816225 81.039 10.2806
197.235190 80.598 9.1398
198.664438 80.125 9.3793
200.104042 79.646 11.3422
201.554078 79.199 15.2505
203.014622 78.824 20.9901
204.485750 78.562 27.9272
205.967538 78.440 35.0378
207.460064 78.473 41.3757
208.963405 78.651 46.4327
210.477640 78.953 50.1072
212.002848 79.343 52.4895
213.539108 79.783 53.7107
215.086500 80.237 53.8951
216.645105 80.671 53.1687
218.215005 81.058 51.6750
219.796281 81.382 49.5835
221.389015 81.632 47.0824
222.993292 81.812 44.3627
224.609193 81.929 41.5966
226.236804 81.999 38.9237
227.876209 82.039 36.4443
229.527494 82.067 34.2185
231.190745 82.099 32.2646
232.866048 82.142 30.5679
234.553491 82.198 29.0992
236.253163 82.261 27.8464
237.965150 82.321 26.8431
239.689544 82.370 26.1765
241.426433 82.408 25.9592
243.175909 82.440 26.2625
244.938062 82.480 27.0381
246.712984 82.538 28.0795
248.500768 82.622 29.0643
250.301507 82.729 29.6702
252.115295 82.853 29.6876
253.942226 82.983 29.0647
255.782396 83.109 27.8733
257.635901 83.229 26.2472
259.502837 83.344 24.3285
261.383301 83.456 22.2336
263.277392 83.573 20.0387
265.185209 83.698 17.7809
267.106850 83.830 15.4735
269.042417 83.962 13.1277
270.992009 84.084 10.7759
272.955729 84.185 8.4888
274.933678 84.256 6.3831
276.925961 84.290 4.6174
278.932681 84.290 3.3737
280.953942 84.264 2.8152
282.989850 84.227 3.0186
285.040511 84.195 3.9060
287.106032 84.187 5.2242
289.186521 84.211 6.6130
291.282086 84.274 7.7323
293.392836 84.371 8.3552
295.518881 84.495 8.3806
297.660333 84.635 7.7944
299.817302 84.777 6.6410
301.989902 84.905 5.0115
304.178245 85.004 3.0383
306.382446 85.069 0.8823
308.602620 85.098 -1.2885
310.838882 85.101 -3.3212
313.091348 85.096 -5.0992
315.360137 85.103 -6.5613
317.645367 85.145 -7.7166
319.947156 85.239 -8.6481
322.265625 85.396 -9.4972
324.600895 85.609 -10.4281
326.953086 85.866 -11.5901
329.322323 86.143 -13.0913
331.708729 86.416 -14.9893
334.112427 86.660 -17.2866
336.533543 86.854 -19.9320
338.972204 86.986 -22.8276
341.428536 87.050 -25.8496
343.902668 87.051 -28.8767
346.394729 87.002 -31.8187
348.904848 86.921 -34.6354
351.433156 86.827 -37.3362
353.979786 86.738 -39.9670
356.544869 86.666 -42.5942
359.128540 86.613 -45.2916
361.730934 86.575 -48.1260
364.352185 86.537 -51.1414
366.992431 86.484 -54.3459
369.651810 86.397 -57.7063
372.330459 86.264 -61.1550
375.028519 86.076 -64.6057
377.746130 85.833 -67.9692
380.483434 85.539 -71.1655
383.240574 85.202 -74.1278
386.017693 84.836 -76.8042
388.814937 84.454 -79.1617
391.632450 84.073 -81.1942
394.470380 83.708 -82.9261
397.328875 83.373 -84.4098
400.208084 83.074 -85.7041
403.108157 82.810 -86.8414
406.029245 82.575 -87.7952
408.971500 82.356 -88.4561
411.935076 82.147 -88.6335
414.920127 81.945 -88.0959
417.926810 81.760 -86.6620
420.955280 81.608 -84.3309
424.005695 81.509 -81.3895
427.078215 81.481 -78.3807
430.173000 81.531 -75.9021
433.290211 81.656 -74.3792
436.430010 81.837 -73.9789
439.592562 82.050 -74.6577
442.778031 82.267 -76.2478
445.986583 82.464 -78.5165
449.218386 82.620 -81.1934
452.473607 82.723 -83.9761
455.752418 82.769 -86.5269
459.054987 82.757 -88.4552
462.381489 82.691 -89.2765
465.732096 82.576 -88.3809
469.106983 82.424 -85.1064
472.506325 82.250 -79.0403
475.930301 82.075 -70.5323
479.379088 81.919 -60.9011
482.852867 81.803 -51.7036
486.351817 81.742 -43.8152
489.876123 81.750 -37.4250
493.425968 81.830 -32.5240
497.001536 81.980 -29.1511
500.603014 82.190 -27.3402
504.230589 82.444 -27.0188
507.884452 82.717 -28.0033
511.564792 82.989 -30.0490
515.271802 83.237 -32.8949
519.005673 83.449 -36.2946
522.766602 83.617 -40.0349
526.554785 83.740 -43.9485
530.370418 83.821 -47.9158
534.213700 83.865 -51.8545
538.084833 83.875 -55.7029
541.984018 83.855 -59.4073
545.911457 83.809 -62.9203
549.867357 83.739 -66.2031
553.851922 83.650 -69.2230
557.865362 83.547 -71.9386
561.907884 83.435 -74.2860
565.979700 83.321 -76.1821
570.081022 83.219 -77.5526
574.212064 83.142 -78.3708
578.373042 83.103 -78.6957
582.564171 83.111 -78.6849
586.785671 83.164 -78.5649
591.037762 83.253 -78.5619
595.320665 83.364 -78.8344
599.634604 83.483 -79.4519
603.979804 83.600 -80.4198
608.356491 83.706 -81.7086
612.764893 83.792 -83.2601
617.205240 83.857 -84.9865
621.677763 83.897 -86.7864
626.182696 83.920 -88.5791
630.720274 83.935 -90.3409
635.290733 83.954 -92.1213
639.894312 83.986 -94.0215
644.531250 84.036 -96.1481
649.201789 84.102 -98.5752
653.906173 84.174 -101.3284
658.644647 84.243 -104.3854
663.417457 84.297 -107.6851
668.224854 84.328 -111.1388
673.067086 84.331 -114.6427
677.944408 84.305 -118.0881
682.857073 84.251 -121.3661
687.805336 84.168 -124.3632
692.789457 84.056 -126.9479
697.809695 83.912 -128.9565
702.866312 83.737 -130.2025
707.959571 83.538 -130.5303
713.089738 83.327 -129.9117
718.257080 83.124 -128.5303
723.461867 82.949 -126.7731
728.704370 82.819 -125.1073
733.984862 82.744 -123.9213
739.303619 82.722 -123.4331
744.660918 82.742 -123.6912
750.057038 82.787 -124.6250
755.492260 82.838 -126.1051
760.966869 82.879 -127.9954
766.481148 82.899 -130.1902
772.035387 82.891 -132.6294
777.629873 82.851 -135.2825
783.264900 82.776 -138.1139
788.940760 82.668 -141.0654
794.657750 82.527 -144.0593
800.416168 82.359 -147.0110
806.216313 82.170 -149.8398
812.058489 81.970 -152.4780
817.943000 81.767 -154.8813
823.870152 81.569 -157.0437
829.840255 81.382 -159.0042
835.853619 81.207 -160.8374
841.910559 81.040 -162.6282
848.011390 80.872 -164.4402
854.156430 80.698 -166.2942
860.346000 80.518 -168.1758
866.580422 80.336 -170.0640
872.860020 80.164 -171.9489
879.185124 80.010 -173.8257
885.556062 79.881 -175.6700
891.973166 79.785 -177.4113
898.436771 79.727 -178.9232
904.947215 79.715 179.9626
911.504835 79.755 179.4197
918.109975 79.851 179.5630
924.762978 79.999 -179.6322
931.464192 80.185 -178.3962
938.213966 80.389 -177.1532
945.012651 80.582 -176.3937
951.860602 80.738 -176.4828
958.758176 80.835 -177.5183
965.705733 80.859 -179.3124
972.703635 80.810 178.5365
979.752246 80.698 176.5724
986.851935 80.545 175.4729
994.003071 80.380 176.1161
1001.206027 80.240 179.6667
1008.461179 80.159 -172.6166
1015.768904 80.169 -160.6669
1023.129584 80.284 -147.5836
1030.543603 80.501 -137.7600
1038.011347 80.802 -132.7319
1045.533205 81.158 -131.6516
1053.109569 81.539 -133.2952
1060.740836 81.916 -136.7434
1068.427401 82.271 -141.3822
1076.169666 82.590 -146.7996
1083.968035 82.864 -152.7141
1091.822915 83.088 -158.9297
1099.734713 83.254 -165.3013
1107.703844 83.358 -171.7068
1115.730723 83.389 -178.0197
1123.815768 83.342 175.9254
1131.959400 83.210 170.3672
1140.162045 82.994 165.6456
1148.424129 82.699 162.2319
1156.746083 82.343 160.7732
1165.128342 81.948 162.1396
1173.571343 81.544 167.3032
1182.075524 81.160 176.5654
1190.641331 80.826 -171.9159
1199.269209 80.563 -161.7452
1207.959608 80.377 -155.1353
1216.712981 80.266 -151.9651
1225.529785 80.216 -151.2432
1234.410479 80.207 -152.0684
1243.355526 80.222 -153.8362
1252.365393 80.246 -156.1930
1261.440549 80.264 -158.9438
1270.581467 80.264 -161.9645
1279.788624 80.236 -165.1379
1289.062500 80.178 -168.3340
1298.403578 80.095 -171.4226
1307.812346 80.000 -174.2988
1317.289293 79.911 -176.8993
1326.834914 79.847 -179.2050
1336.449707 79.826 178.7659
1346.134173 79.861 176.9658
1355.888816 79.962 175.3250
1365.714145 80.126 173.7600
1375.610673 80.347 172.1841
1385.578915 80.610 170.5162
1395.619391 80.900 168.6871
1405.732624 81.198 166.6469
1415.919142 81.489 164.3771
1426.179476 81.760 161.8945
1436.514160 82.004 159.2390
1446.923734 82.218 156.4617
1457.408740 82.397 153.6289
1467.969724 82.541 150.8298
1478.607238 82.652 148.1698
1489.321836 82.735 145.7522
1500.114076 82.794 143.6609
1510.984521 82.838 141.9352
1521.933737 82.877 140.5317
1532.962297 82.925 139.3011
1544.070773 82.991 138.0195
1555.259747 83.083 136.4658
1566.529800 83.200 134.4900
1577.881521 83.338 132.0327
1589.315501 83.488 129.1045
1600.832336 83.641 125.7544
1612.432627 83.784 122.0503
1624.116978 83.907 118.0695
1635.886000 84.001 113.8940
1647.740304 84.058 109.6077
1659.680509 84.077 105.2910
1671.707238 84.058 101.0143
1683.821118 84.004 96.8313
1696.022780 83.915 92.7838
1708.312860 83.791 88.9132
1720.692000 83.625 85.2751
1733.160843 83.416 81.9528
1745.720041 83.163 79.0601
1758.370248 82.875 76.7280
1771.112124 82.569 75.0807
1783.946332 82.267 74.2085
1796.873543 81.997 74.1311
1809.894429 81.781 74.7535
1823.009670 81.639 75.8397
1836.219950 81.574 77.0420
1849.525956 81.579 77.9867
1862.928384 81.636 78.3821
1876.427931 81.722 78.0946
1890.025301 81.813 77.1602
1903.721204 81.894 75.7378
1917.516352 81.957 74.0469
1931.411466 82.004 72.3142
1945.407270 82.043 70.7450
1959.504493 82.084 69.5208
1973.703870 82.139 68.8176
1988.006142 82.221 68.8115
2002.412054 82.343 69.6433
2016.922357 82.517 71.3384
2031.537808 82.748 73.7202
2046.259169 83.037 76.3823
2061.087206 83.372 78.7760
2076.022694 83.737 80.3956
2091.066410 84.113 80.9398
2106.219139 84.481 80.3502
2121.481671 84.826 78.7415
2136.854802 85.138 76.3057
2152.339333 85.413 73.2488
2167.936071 85.650 69.7543
2183.645829 85.848 65.9653
2199.469427 86.007 61.9906
2215.407689 86.123 57.9279
2231.461446 86.191 53.8842
2247.631536 86.210 49.9824
2263.918800 86.177 46.3604
2280.324089 86.097 43.1625
2296.848258 85.975 40.5227
2313.492167 85.824 38.5341
2330.256685 85.656 37.2126
2347.142685 85.483 36.4601
2364.151049 85.317 36.0574
2381.282662 85.167 35.7219
2398.538418 85.036 35.2030
2415.919216 84.926 34.3497
2433.425962 84.836 33.1237
2451.059570 84.764 31.5663
2468.820958 84.713 29.7494
2486.711052 84.684 27.7435
2504.730786 84.677 25.6072
2522.881098 84.692 23.3918
2541.162934 84.723 21.1561
2559.577248 84.766 18.9811
2578.125000 84.814 16.9812
2596.807157 84.861 15.3042
2615.624692 84.903 14.1158
2634.578586 84.940 13.5663
2653.669829 84.973 13.7344
2672.899414 85.007 14.5592
2692.268345 85.048 15.8066
2711.777632 85.098 17.1263
2731.428290 85.161 18.1797
2751.221345 85.234 18.7540
2771.157829 85.313 18.7953
2791.238781 85.394 18.3628
2811.465248 85.472 17.5580
2831.838284 85.542 16.4880
2852.358952 85.596 15.2677
2873.028321 85.630 14.0331
2893.847468 85.642 12.9371
2914.817480 85.634 12.1315
2935.939449 85.614 11.7363
2957.214476 85.595 11.7965
2978.643672 85.590 12.2426
3000.228152 85.606 12.8857
3021.969041 85.647 13.4709
3043.867475 85.706 13.7694
3065.924593 85.775 13.6490
3088.141547 85.840 13.0878
3110.519493 85.887 12.1497
3133.059600 85.908 10.9507
3155.763041 85.895 9.6279
3178.631001 85.849 8.3145
3201.664672 85.776 7.1158
3224.865254 85.690 6.0924
3248.233957 85.603 5.2577
3271.771999 85.529 4.5946
3295.480608 85.479 4.0720
3319.361019 85.457 3.6510
3343.414477 85.463 3.2875
3367.642236 85.495 2.9368
3392.045560 85.547 2.5605
3416.625721 85.613 2.1266
3441.383999 85.691 1.6079
3466.321686 85.777 0.9823
3491.440082 85.869 0.2389
3516.740496 85.966 -0.6168
3542.224247 86.064 -1.5687
3567.892664 86.160 -2.6044
3593.747085 86.249 -3.7275
3619.788858 86.326 -4.9535
3646.019340 86.386 -6.2898
3672.439900 86.423 -7.7220
3699.051913 86.435 -9.2126
3725.856768 86.420 -10.7118
3752.855862 86.382 -12.1702
3780.050603 86.322 -13.5452
3807.442408 86.246 -14.8051
3835.032705 86.164 -15.9384
3862.822933 86.084 -16.9587
3890.814540 86.014 -17.8962
3919.008986 85.963 -18.7869
3947.407741 85.932 -19.6681
3976.012284 85.921 -20.5781
4004.824108 85.929 -21.5494
4033.844715 85.949 -22.5935
4063.075616 85.978 -23.6912
4092.518337 86.012 -24.7947
4122.174412 86.052 -25.8373
4152.045387 86.097 -26.7461
4182.132820 86.149 -27.4572
4212.438278 86.207 -27.9348
4242.963342 86.271 -28.1798
4273.709604 86.337 -28.2139
4304.678665 86.404 -28.0389
4335.872141 86.470 -27.5974
4367.291658 86.537 -26.7688
4398.938854 86.615 -25.4120
4430.815378 86.710 -23.4357
4462.922893 86.829 -20.8832
4495.263072 86.974 -17.9927
4527.837601 87.138 -15.1743
4560.648179 87.308 -12.8850
4593.696515 87.468 -11.4640
4626.984334 87.600 -11.0338
4660.513370 87.693 -11.5055
4694.285371 87.745 -12.6654
4728.302098 87.761 -14.2797
4762.565324 87.751 -16.1595
4797.076835 87.728 -18.1816
4831.838432 87.702 -20.2844
4866.851925 87.681 -22.4550
4902.119140 87.665 -24.7063
4937.641916 87.651 -27.0491
4973.422105 87.631 -29.4642
5009.461572 87.597 -31.8939
5045.762195 87.544 -34.2472
5082.325868 87.468 -36.4103
5119.154496 87.370 -38.2606
5156.250000 87.251 -39.6804
5193.614313 87.116 -40.5636
5231.249383 86.969 -40.8225
5269.157173 86.819 -40.3881
5307.339658 86.672 -39.2020
5345.798829 86.537 -37.2327
5384.536691 86.423 -34.5305
5423.555263 86.339 -31.2944
5462.856580 86.291 -27.8828
5502.442691 86.284 -24.7294
5542.315659 86.317 -22.1981
5582.477563 86.387 -20.4811
5622.930497 86.483 -19.5989
5663.676569 86.598 -19.4670
5704.717904 86.720 -19.9755
5746.056642 86.842 -21.0366
5787.694937 86.955 -22.5922
5829.634960 87.051 -24.5923
5871.878898 87.123 -26.9757
5914.428953 87.164 -29.6592
5957.287343 87.169 -32.5387
6000.456303 87.138 -35.4979
6043.938083 87.073 -38.4187
6087.734950 86.979 -41.1837
6131.849187 86.861 -43.6710
6176.283094 86.724 -45.7361
6221.038987 86.571 -47.1887
6266.119200 86.410 -47.7805
6311.526083 86.250 -47.2200
6357.262002 86.104 -45.2325
6403.329344 85.987 -41.6873
6449.730508 85.913 -36.7574
6496.467914 85.892 -31.0016
6543.543998 85.928 -25.2292
6590.961215 86.020 -20.2031
6638.722037 86.159 -16.4177
6686.828954 86.335 -14.0667
6735.284473 86.532 -13.1146
6784.091120 86.733 -13.3868
6833.251441 86.923 -14.6439
6882.767998 87.089 -16.6373
6932.643372 87.224 -19.1465
6982.880164 87.323 -21.9980
7033.480992 87.386 -25.0642
7084.448495 87.411 -28.2448
7135.785329 87.399 -31.4446
7187.494171 87.349 -34.5587
7239.577717 87.266 -37.4586
7292.038681 87.155 -39.9818
7344.879799 87.028 -41.9241
7398.103826 86.900 -43.0298
7451.713536 86.786 -42.9778
7505.711724 86.703 -41.3895
7560.101205 86.665 -37.9199
7614.884815 86.683 -32.5164
7670.065409 86.762 -25.7749
7725.645865 86.902 -18.9619
7781.629080 87.096 -13.3848
7838.017972 87.329 -9.7260
7894.815481 87.584 -8.0066
7952.024569 87.840 -7.9196
8009.648217 88.081 -9.0840
8067.689429 88.293 -11.1458
8126.151233 88.464 -13.8068
8185.036674 88.588 -16.8251
8244.348824 88.661 -20.0018
8304.090774 88.681 -23.1622
8364.265639 88.644 -26.1329
8424.876556 88.553 -28.7189
8485.926684 88.413 -30.6896
8547.419207 88.236 -31.7834
8609.357330 88.038 -31.7307
8671.744282 87.840 -30.3047
8734.583316 87.663 -27.4215
8797.877707 87.525 -23.2891
8861.630756 87.436 -18.5074
8925.845785 87.398 -13.9225
8990.526143 87.402 -10.2500
9055.675202 87.437 -7.8115
9121.296357 87.487 -6.5676
9187.393031 87.538 -6.2965
9253.968668 87.575 -6.7302
9321.026740 87.591 -7.6075
9388.570742 87.579 -8.6842
9456.604196 87.541 -9.7396
9525.130648 87.481 -10.5841
9594.153671 87.406 -11.0623
9663.676863 87.325 -11.0530
9733.703850 87.245 -10.4779
9804.238280 87.175 -9.3298
9875.283832 87.120 -7.6997
9946.844210 87.085 -5.7725
10018.923143 87.071 -3.7867
10091.524390 87.080 -1.9801
10164.651736 87.110 -0.5404
10238.308993 87.158 0.4236
10312.500000 87.218 0.8856
10387.228626 87.285 0.8840
10462.498767 87.352 0.4941
10538.314345 87.411 -0.1879
10614.679315 87.455 -1.0522
10691.597657 87.479 -1.9784
10769.073381 87.480 -2.8401
10847.110526 87.457 -3.5125
10925.713161 87.417 -3.8823
11004.885382 87.368 -3.8706
11084.631318 87.326 -3.4595
11164.955126 87.304 -2.7096
11245.860993 87.315 -1.7546
11327.353138 87.366 -0.7744
11409.435808 87.456 0.0433
11492.113283 87.575 0.5453
11575.389873 87.709 0.6465
11659.269920 87.840 0.3390
11743.757796 87.952 -0.3199
11828.857906 88.031 -1.2230
11914.574686 88.070 -2.2291
12000.912606 88.064 -3.1798
12087.876166 88.017 -3.9183
12175.469900 87.939 -4.3107
12263.698373 87.844 -4.2723
12352.566187 87.750 -3.7993
12442.077974 87.674 -2.9843
12532.238400 87.628 -2.0024
12623.052165 87.614 -1.0670
12714.524005 87.627 -0.3689
12806.658687 87.653 -0.0258
12899.461015 87.678 -0.0625
12992.935827 87.684 -0.4233
13087.087996 87.660 -0.9966
13181.922430 87.601 -1.6414
13277.444074 87.504 -2.2125
13373.657907 87.377 -2.5854
13470.568945 87.229 -2.6792
13568.182241 87.076 -2.4777
13666.502883 86.930 -2.0392
13765.535996 86.803 -1.4832
13865.286744 86.696 -0.9532
13965.760328 86.606 -0.5720
14066.961984 86.523 -0.4041
14168.896989 86.435 -0.4440
14271.570658 86.331 -0.6302
14374.988342 86.207 -0.8732
14479.155433 86.063 -1.0834
14584.077362 85.904 -1.1948
14689.759598 85.737 -1.1772
14796.207652 85.570 -1.0363
14903.427072 85.410 -0.8082
15011.423448 85.258 -0.5444
15120.202410 85.113 -0.2928
15229.769630 84.971 -0.0804
15340.130819 84.825 0.0948
15451.291730 84.671 0.2614
15563.258160 84.510 0.4597
15676.035944 84.342 0.7244
15789.630962 84.175 1.0681
15904.049137 84.013 1.4774
16019.296433 83.861 1.9194
16135.378859 83.720 2.3561
16252.302465 83.589 2.7550
16370.073348 83.463 3.0985
16488.697648 83.338 3.3877
16608.181548 83.208 3.6427
16728.531278 83.070 3.8993
16849.753112 82.920 4.2004
16971.853368 82.760 4.5858
17094.838414 82.591 5.0786
17218.714660 82.419 5.6787
17343.488565 82.246 6.3652
17469.166632 82.072 7.1082
17595.755415 81.898 7.8837
17723.261512 81.719 8.6849
17851.691571 81.532 9.5262
17981.052287 81.333 10.4392
18111.350404 81.124 11.4581
18242.592715 80.906 12.6002
18374.786062 80.684 13.8497
18507.937336 80.462 15.1564
18642.053479 80.240 16.4503
18777.141484 80.017 17.6674
18913.208391 79.786 18.7679
19050.261296 79.541 19.7443
19188.307342 79.275 20.6154
19327.353727 78.985 21.4137
19467.407699 78.670 22.1697
19608.476560 78.329 22.8956
19750.567664 77.967 23.5780
19893.688419 77.585 24.1803
20037.846286 77.182 24.6573
20183.048781 76.756 24.9719
20329.303472 76.303 25.1078
20476.617985 75.820 25.0703
20625.000000 75.305 24.8776
20774.457252 74.762 24.5492
20924.997533 74.196 24.0972
21076.628691 73.618 23.5265
21229.358631 73.042 22.8456
21383.195315 72.488 22.0808
21538.146763 71.982 21.2887
21694.221053 71.555 20.5560
21851.426321 71.243 19.9861
22009.770764 71.078 19.6730
