* Measurement data measured by REW V5.31.3
* Source: Input device not selected, no input selected, R, volume: no control
* Format: 256k Log Swept Sine, 1 sweep at -12.0 dBFS with no timing reference
* Dated: Sep 16, 2025 3:04:40 PM
* REW Settings:
*  C-weighting compensation: Off
*  Target level: 75.0 dB
* Note: ; 
* Measurement: 2
* Smoothing: 1/6 octave
* Frequency Step: 96 ppo
* Start Frequency: 20.141602 Hz
*
* Freq(Hz) SPL(dB) Phase(degrees)
20.141602 57.687 86.3070
20.287556 57.920 84.6953
20.434568 58.213 82.5967
20.582645 58.545 80.0975
20.731796 58.898 77.2826
20.882027 59.255 74.2288
21.033346 59.603 71.0017
21.185763 59.933 67.6557
21.339284 60.240 64.2364
21.493917 60.519 60.7821
21.649671 60.766 57.3272
21.806553 60.982 53.9032
21.964572 61.164 50.5412
22.123737 61.314 47.2722
22.284054 61.433 44.1278
22.445534 61.524 41.1392
22.608183 61.591 38.3368
22.772012 61.638 35.7475
22.937027 61.674 33.3931
23.103238 61.706 31.2873
23.270654 61.743 29.4336
23.439282 61.792 27.8252
23.609133 61.862 26.4462
23.780215 61.955 25.2762
23.952536 62.076 24.2979
24.126106 62.225 23.5053
24.300934 62.402 22.9127
24.477028 62.611 22.5607
24.654399 62.856 22.5181
24.833055 63.150 22.8780
25.013005 63.507 23.7441
25.194260 63.946 25.2061
25.376828 64.483 27.3015
25.560719 65.128 29.9731
25.745942 65.880 33.0406
25.932508 66.728 36.2154
26.120426 67.654 39.1685
26.309705 68.636 41.6194
26.500356 69.654 43.3962
26.692388 70.692 44.4406
26.885812 71.737 44.7762
27.080638 72.779 44.4648
27.276876 73.811 43.5733
27.474535 74.829 42.1549
27.673627 75.825 40.2427
27.874161 76.794 37.8529
28.076149 77.731 34.9921
28.279600 78.627 31.6656
28.484526 79.478 27.8843
28.690937 80.278 23.6688
28.898843 81.020 19.0510
29.108256 81.702 14.0727
29.319186 82.318 8.7839
29.531645 82.867 3.2401
29.745644 83.348 -2.4999
29.961193 83.760 -8.3768
30.178304 84.104 -14.3315
30.396989 84.381 -20.3073
30.617258 84.595 -26.2510
30.839123 84.751 -32.1135
31.062596 84.852 -37.8519
31.287688 84.906 -43.4295
31.514412 84.920 -48.8178
31.742778 84.902 -53.9967
31.972800 84.859 -58.9549
32.204488 84.801 -63.6897
32.437855 84.735 -68.2057
32.672913 84.665 -72.5136
32.909674 84.598 -76.6280
33.148151 84.536 -80.5652
33.388356 84.482 -84.3418
33.630302 84.437 -87.9732
33.874001 84.401 -91.4735
34.119466 84.374 -94.8560
34.366710 84.359 -98.1334
34.615745 84.354 -101.3184
34.866585 84.360 -104.4240
35.119243 84.377 -107.4633
35.373731 84.404 -110.4491
35.630064 84.441 -113.3928
35.888254 84.486 -116.3043
36.148315 84.539 -119.1914
36.410261 84.597 -122.0601
36.674104 84.659 -124.9149
36.939860 84.725 -127.7587
37.207542 84.794 -130.5940
37.477163 84.865 -133.4223
37.748738 84.936 -136.2451
38.022281 85.008 -139.0629
38.297806 85.079 -141.8762
38.575327 85.148 -144.6847
38.854860 85.216 -147.4878
39.136419 85.281 -150.2840
39.420017 85.342 -153.0715
39.705671 85.401 -155.8475
39.993395 85.455 -158.6091
40.283203 85.505 -161.3530
40.575112 85.553 -164.0763
40.869136 85.598 -166.7765
41.165290 85.641 -169.4525
41.463591 85.683 -172.1048
41.764053 85.727 -174.7356
42.066693 85.772 -177.3491
42.371525 85.820 -179.9510
42.678567 85.871 177.4519
42.987834 85.925 174.8525
43.299341 85.982 172.2434
43.613106 86.041 169.6176
43.929145 86.102 166.9692
44.247473 86.163 164.2928
44.568109 86.223 161.5845
44.891068 86.281 158.8415
45.216367 86.335 156.0627
45.544023 86.383 153.2483
45.874054 86.425 150.4002
46.206476 86.458 147.5218
46.541307 86.481 144.6171
46.878565 86.494 141.6913
47.218266 86.496 138.7499
47.560429 86.486 135.7984
47.905072 86.463 132.8430
48.252212 86.427 129.8904
48.601867 86.378 126.9485
48.954056 86.313 124.0270
49.308798 86.234 121.1371
49.666109 86.140 118.2919
50.026010 86.031 115.5062
50.388520 85.909 112.7945
50.753656 85.776 110.1710
51.121437 85.634 107.6473
51.491884 85.487 105.2315
51.865016 85.340 102.9267
52.240851 85.196 100.7308
52.619410 85.061 98.6359
53.000712 84.939 96.6286
53.384777 84.833 94.6908
53.771625 84.747 92.8005
54.161276 84.683 90.9333
54.553751 84.640 89.0633
54.949070 84.621 87.1651
55.347254 84.622 85.2146
55.748323 84.642 83.1907
56.152298 84.679 81.0757
56.559201 84.729 78.8556
56.969052 84.790 76.5204
57.381873 84.858 74.0631
57.797686 84.931 71.4799
58.216512 85.006 68.7698
58.638373 85.081 65.9343
59.063291 85.155 62.9773
59.491288 85.225 59.9037
59.922386 85.292 56.7173
60.356608 85.357 53.4199
60.793977 85.419 50.0078
61.234515 85.479 46.4728
61.678246 85.536 42.8021
62.125192 85.588 38.9814
62.575377 85.631 34.9976
63.028824 85.660 30.8416
63.485557 85.671 26.5092
63.945599 85.658 22.0016
64.408975 85.618 17.3245
64.875709 85.544 12.4879
65.345825 85.434 7.5071
65.819348 85.280 2.4039
66.296302 85.077 -2.7906
66.776713 84.820 -8.0349
67.260604 84.504 -13.2764
67.748002 84.126 -18.4536
68.238932 83.683 -23.4995
68.733420 83.177 -28.3463
69.231490 82.610 -32.9291
69.733170 81.986 -37.1907
70.238485 81.312 -41.0852
70.747463 80.597 -44.5834
71.260128 79.852 -47.6801
71.776508 79.091 -50.4009
72.296630 78.332 -52.8077
72.820521 77.593 -54.9983
73.348209 76.896 -57.0992
73.879720 76.263 -59.2519
74.415083 75.714 -61.5979
74.954326 75.262 -64.2654
75.497475 74.914 -67.3592
76.044561 74.666 -70.9532
76.595612 74.507 -75.0861
77.150655 74.421 -79.7582
77.709720 74.389 -84.9341
78.272837 74.398 -90.5493
78.840034 74.436 -96.5201
79.411342 74.501 -102.7568
79.986789 74.593 -109.1746
80.566406 74.715 -115.7015
81.150224 74.870 -122.2820
81.738272 75.058 -128.8748
82.330581 75.282 -135.4490
82.927182 75.538 -141.9810
83.528107 75.824 -148.4518
84.133386 76.136 -154.8483
84.743051 76.469 -161.1623
85.357134 76.814 -167.3892
85.975667 77.164 -173.5253
86.598682 77.509 -179.5649
87.226212 77.842 174.4982
87.858289 78.157 168.6708
88.494946 78.447 162.9545
89.136217 78.707 157.3464
89.782135 78.932 151.8398
90.432733 79.118 146.4290
91.088046 79.260 141.1132
91.748108 79.355 135.9002
92.412952 79.401 130.8072
93.082615 79.398 125.8586
93.757130 79.350 121.0836
94.436533 79.260 116.5128
95.120859 79.137 112.1745
95.810144 78.986 108.0919
96.504423 78.817 104.2800
97.203734 78.637 100.7439
97.908112 78.454 97.4774
98.617595 78.277 94.4644
99.332219 78.111 91.6807
100.052021 77.962 89.0963
100.777039 77.834 86.6773
101.507311 77.734 84.3875
102.242875 77.665 82.1876
102.983769 77.631 80.0358
103.730032 77.635 77.8875
104.481702 77.679 75.6972
105.238820 77.762 73.4197
106.001424 77.884 71.0109
106.769554 78.039 68.4269
107.543250 78.226 65.6234
108.322553 78.437 62.5554
109.107503 78.668 59.1783
109.898141 78.912 55.4517
110.694508 79.161 51.3405
111.496646 79.412 46.8163
112.304596 79.657 41.8549
113.118402 79.894 36.4319
113.938104 80.118 30.5184
114.763747 80.325 24.0750
115.595372 80.509 17.0499
116.433024 80.666 9.3751
117.276746 80.792 0.9648
118.126581 80.881 -8.2844
118.982575 80.933 -18.4908
119.844772 80.946 -29.7723
120.713217 80.922 -42.2100
121.587954 80.868 -55.7820
122.469031 80.791 -70.2773
123.356492 80.706 -85.2446
124.250384 80.631 -100.0549
125.150753 80.587 -114.0849
126.057647 80.599 -126.9037
126.971113 80.687 -138.3392
127.891198 80.867 -148.4263
128.817950 81.144 -157.3159
129.751418 81.515 -165.2050
130.691651 81.969 -172.2927
131.638696 82.489 -178.7650
132.592604 83.056 175.2139
133.553425 83.649 169.5015
134.521208 84.251 163.9780
135.496004 84.845 158.5476
136.477864 85.417 153.1396
137.466839 85.959 147.7085
138.462981 86.461 142.2313
139.466340 86.922 136.7043
140.476971 87.340 131.1356
141.494925 87.718 125.5374
142.520256 88.056 119.9183
143.553016 88.356 114.2805
144.593260 88.618 108.6195
145.641043 88.838 102.9314
146.696418 89.013 97.2191
147.759441 89.140 91.4954
148.830166 89.217 85.7808
149.908651 89.244 80.0994
150.994951 89.222 74.4735
152.089123 89.152 68.9236
153.191223 89.035 63.4680
154.301310 88.871 58.1277
155.419441 88.657 52.9308
156.545674 88.392 47.9163
157.680069 88.074 43.1367
158.822683 87.702 38.6582
159.973578 87.280 34.5598
161.132813 86.813 30.9333
162.300447 86.309 27.8875
163.476543 85.782 25.5557
164.661162 85.247 24.1052
165.854364 84.724 23.7325
167.056213 84.239 24.6222
168.266772 83.818 26.8451
169.486102 83.489 30.2043
170.714268 83.273 34.1401
171.951334 83.176 37.8571
173.197364 83.188 40.6488
174.452424 83.283 42.1469
175.716578 83.430 42.3209
176.989893 83.595 41.3392
178.272434 83.752 39.4384
179.564270 83.878 36.8512
180.865467 83.958 33.7817
182.176092 83.979 30.4025
183.496216 83.934 26.8644
184.825905 83.816 23.3086
186.165229 83.621 19.8801
187.514259 83.350 16.7365
188.873065 83.006 14.0546
190.241717 82.598 12.0350
191.620287 82.141 10.9077
193.008847 81.654 10.9315
194.407468 81.165 12.3660
195.816225 80.706 15.3842
197.235190 80.312 19.9135
198.664438 80.016 25.4811
200.104042 79.838 31.2640
201.554078 79.787 36.4240
203.014622 79.850 40.4583
204.485750 80.007 43.2749
205.967538 80.237 45.0409
207.460064 80.520 46.0050
208.963405 80.843 46.3843
210.477640 81.197 46.3181
212.002848 81.572 45.8665
213.539108 81.955 45.0349
215.086500 82.330 43.8098
216.645105 82.680 42.1893
218.215005 82.990 40.2032
219.796281 83.246 37.9180
221.389015 83.442 35.4305
222.993292 83.576 32.8552
224.609193 83.652 30.3088
226.236804 83.678 27.9037
227.876209 83.667 25.7448
229.527494 83.634 23.9233
231.190745 83.596 22.5072
232.866048 83.570 21.5314
234.553491 83.572 20.9968
236.253163 83.609 20.8798
237.965150 83.686 21.1432
239.689544 83.804 21.7368
241.426433 83.959 22.5720
243.175909 84.148 23.4877
244.938062 84.362 24.2513
246.712984 84.588 24.6158
248.500768 84.808 24.4003
250.301507 85.003 23.5416
252.115295 85.157 22.0935
253.942226 85.261 20.1852
255.782396 85.313 17.9707
257.635901 85.316 15.5925
259.502837 85.277 13.1647
261.383301 85.205 10.7716
263.277392 85.107 8.4747
265.185209 84.992 6.3203
267.106850 84.867 4.3448
269.042417 84.739 2.5776
270.992009 84.615 1.0409
272.955729 84.505 -0.2512
274.933678 84.416 -1.2936
276.925961 84.359 -2.0931
278.932681 84.342 -2.6746
280.953942 84.373 -3.0869
282.989850 84.456 -3.4080
285.040511 84.593 -3.7361
287.106032 84.778 -4.1720
289.186521 85.000 -4.8025
291.282086 85.247 -5.6926
293.392836 85.504 -6.8859
295.518881 85.757 -8.4039
297.660333 85.994 -10.2430
299.817302 86.204 -12.3691
301.989902 86.383 -14.7249
304.178245 86.530 -17.2421
306.382446 86.646 -19.8572
308.602620 86.733 -22.5170
310.838882 86.792 -25.1746
313.091348 86.822 -27.7791
315.360137 86.821 -30.2643
317.645367 86.788 -32.5420
319.947156 86.730 -34.5098
322.265625 86.657 -36.0775
324.600895 86.585 -37.2025
326.953086 86.534 -37.9236
329.322323 86.516 -38.3796
331.708729 86.538 -38.8008
334.112427 86.595 -39.4542
336.533543 86.674 -40.5638
338.972204 86.754 -42.2500
341.428536 86.814 -44.5210
343.902668 86.837 -47.3010
346.394729 86.810 -50.4690
348.904848 86.727 -53.8904
351.433156 86.584 -57.4377
353.979786 86.388 -61.0027
356.544869 86.144 -64.5021
359.128540 85.863 -67.8772
361.730934 85.557 -71.0863
364.352185 85.232 -74.0906
366.992431 84.898 -76.8350
369.651810 84.557 -79.2269
372.330459 84.216 -81.1157
375.028519 83.880 -82.2728
377.746130 83.561 -82.3785
380.483434 83.277 -81.0251
383.240574 83.048 -77.7687
386.017693 82.895 -72.3328
388.814937 82.833 -65.0366
391.632450 82.867 -57.1005
394.470380 82.995 -50.1345
397.328875 83.205 -45.1453
400.208084 83.479 -42.2468
403.108157 83.797 -41.0762
406.029245 84.138 -41.1992
408.971500 84.479 -42.2791
411.935076 84.798 -44.0934
414.920127 85.071 -46.4929
417.926810 85.277 -49.3424
420.955280 85.399 -52.4760
424.005695 85.429 -55.6826
427.078215 85.364 -58.7192
430.173000 85.213 -61.3380
433.290211 84.992 -63.3215
436.430010 84.723 -64.5228
439.592562 84.433 -64.9128
442.778031 84.150 -64.6162
445.986583 83.902 -63.9003
449.218386 83.709 -63.0963
452.473607 83.582 -62.4906
455.752418 83.524 -62.2585
459.054987 83.530 -62.4670
462.381489 83.588 -63.1162
465.732096 83.684 -64.1741
469.106983 83.801 -65.5801
472.506325 83.920 -67.2346
475.930301 84.027 -68.9960
479.379088 84.114 -70.6940
482.852867 84.174 -72.1599
486.351817 84.210 -73.2676
489.876123 84.223 -73.9828
493.425968 84.218 -74.4011
497.001536 84.199 -74.7325
500.603014 84.164 -75.2209
504.230589 84.114 -76.0474
507.884452 84.049 -77.2831
511.564792 83.972 -78.9130
515.271802 83.889 -80.8828
519.005673 83.804 -83.1311
522.766602 83.718 -85.5974
526.554785 83.629 -88.2191
530.370418 83.533 -90.9240
534.213700 83.423 -93.6255
538.084833 83.298 -96.2271
541.984018 83.157 -98.6306
545.911457 83.004 -100.7495
549.867357 82.846 -102.5247
553.851922 82.693 -103.9379
557.865362 82.557 -105.0104
561.907884 82.442 -105.7751
565.979700 82.352 -106.2422
570.081022 82.279 -106.3661
574.212064 82.216 -106.0305
578.373042 82.156 -105.0671
582.564171 82.095 -103.3408
586.785671 82.040 -100.8903
591.037762 82.002 -98.0315
595.320665 81.990 -95.2957
599.634604 82.010 -93.2053
603.979804 82.060 -92.0686
608.356491 82.131 -91.9310
612.764893 82.212 -92.6504
617.205240 82.290 -93.9985
621.677763 82.360 -95.7324
626.182696 82.419 -97.6366
630.720274 82.474 -99.5505
635.290733 82.533 -101.3844
639.894312 82.604 -103.1139
644.531250 82.689 -104.7552
649.201789 82.782 -106.3365
653.906173 82.871 -107.8700
658.644647 82.942 -109.3250
663.417457 82.983 -110.6187
668.224854 82.990 -111.6411
673.067086 82.967 -112.3129
677.944408 82.930 -112.6411
682.857073 82.895 -112.7318
687.805336 82.877 -112.7583
692.789457 82.886 -112.9125
697.809695 82.924 -113.3606
702.866312 82.985 -114.2224
707.959571 83.057 -115.5619
713.089738 83.126 -117.3771
718.257080 83.175 -119.5981
723.461867 83.191 -122.0986
728.704370 83.161 -124.7115
733.984862 83.081 -127.2501
739.303619 82.955 -129.5408
744.660918 82.796 -131.4668
750.057038 82.624 -133.0050
755.492260 82.461 -134.2375
760.966869 82.324 -135.3318
766.481148 82.224 -136.4946
772.035387 82.158 -137.9099
777.629873 82.117 -139.6874
783.264900 82.087 -141.8446
788.940760 82.061 -144.3254
794.657750 82.032 -147.0391
800.416168 82.005 -149.8962
806.216313 81.982 -152.8265
812.058489 81.972 -155.7863
817.943000 81.978 -158.7642
823.870152 82.002 -161.7865
829.840255 82.039 -164.9062
835.853619 82.075 -168.1733
841.910559 82.090 -171.5962
848.011390 82.065 -175.1166
854.156430 81.981 -178.6039
860.346000 81.829 178.1321
866.580422 81.609 175.3129
872.860020 81.333 173.1749
879.185124 81.020 171.9690
885.556062 80.694 171.9473
891.973166 80.385 173.3129
898.436771 80.116 176.0996
904.947215 79.910 179.9941
911.504835 79.777 -175.7263
918.109975 79.717 -171.9417
924.762978 79.724 -169.2571
931.464192 79.783 -167.7661
938.213966 79.887 -167.0999
945.012651 80.026 -166.5497
951.860602 80.195 -165.0231
958.758176 80.391 -160.6909
965.705733 80.608 -150.4670
972.703635 80.846 -131.6956
979.752246 81.103 -110.3816
986.851935 81.379 -96.9160
994.003071 81.671 -91.6832
1001.206027 81.969 -91.3740
1008.461179 82.262 -93.7891
1015.768904 82.531 -97.7557
1023.129584 82.758 -102.6152
1030.543603 82.924 -107.9476
1038.011347 83.015 -113.4458
1045.533205 83.020 -118.8590
1053.109569 82.938 -123.9734
1060.740836 82.778 -128.6189
1068.427401 82.559 -132.6807
1076.169666 82.304 -136.0944
1083.968035 82.044 -138.8267
1091.822915 81.805 -140.8583
1099.734713 81.612 -142.1853
1107.703844 81.484 -142.8446
1115.730723 81.431 -142.9520
1123.815768 81.454 -142.7290
1131.959400 81.542 -142.4822
1140.162045 81.677 -142.5188
1148.424129 81.838 -143.0493
1156.746083 82.006 -144.1362
1165.128342 82.166 -145.7184
1173.571343 82.311 -147.6799
1182.075524 82.441 -149.9098
1190.641331 82.553 -152.3218
1199.269209 82.649 -154.8400
1207.959608 82.730 -157.3806
1216.712981 82.800 -159.8551
1225.529785 82.867 -162.1932
1234.410479 82.942 -164.3722
1243.355526 83.038 -166.4358
1252.365393 83.163 -168.4893
1261.440549 83.317 -170.6625
1270.581467 83.496 -173.0670
1279.788624 83.690 -175.7698
1289.062500 83.886 -178.7877
1298.403578 84.071 177.9042
1307.812346 84.235 174.3568
1317.289293 84.372 170.6263
1326.834914 84.475 166.7592
1336.449707 84.538 162.7904
1346.134173 84.555 158.7567
1355.888816 84.517 154.7092
1365.714145 84.422 150.7178
1375.610673 84.269 146.8616
1385.578915 84.063 143.2203
1395.619391 83.814 139.8716
1405.732624 83.533 136.8904
1415.919142 83.234 134.3431
1426.179476 82.935 132.2744
1436.514160 82.655 130.6901
1446.923734 82.415 129.5386
1457.408740 82.229 128.6987
1467.969724 82.107 127.9897
1478.607238 82.046 127.2122
1489.321836 82.033 126.2001
1500.114076 82.051 124.8583
1510.984521 82.081 123.1686
1521.933737 82.110 121.1704
1532.962297 82.130 118.9280
1544.070773 82.138 116.5050
1555.259747 82.134 113.9546
1566.529800 82.120 111.3202
1577.881521 82.097 108.6379
1589.315501 82.065 105.9358
1600.832336 82.027 103.2316
1612.432627 81.985 100.5327
1624.116978 81.939 97.8445
1635.886000 81.888 95.1768
1647.740304 81.832 92.5472
1659.680509 81.769 89.9791
1671.707238 81.699 87.4976
1683.821118 81.619 85.1283
1696.022780 81.528 82.9023
1708.312860 81.424 80.8651
1720.692000 81.308 79.0889
1733.160843 81.184 77.6768
1745.720041 81.058 76.7572
1758.370248 80.943 76.4685
1771.112124 80.850 76.9355
1783.946332 80.794 78.2357
1796.873543 80.787 80.3486
1809.894429 80.837 83.1210
1823.009670 80.946 86.2727
1836.219950 81.114 89.4469
1849.525956 81.336 92.2740
1862.928384 81.607 94.4413
1876.427931 81.923 95.7590
1890.025301 82.273 96.1792
1903.721204 82.646 95.7606
1917.516352 83.030 94.6118
1931.411466 83.413 92.8455
1945.407270 83.782 90.5597
1959.504493 84.127 87.8389
1973.703870 84.435 84.7642
1988.006142 84.702 81.4230
2002.412054 84.924 77.9097
2016.922357 85.104 74.3164
2031.537808 85.245 70.7291
2046.259169 85.350 67.2318
2061.087206 85.423 63.9133
2076.022694 85.466 60.8651
2091.066410 85.484 58.1709
2106.219139 85.487 55.8857
2121.481671 85.486 54.0117
2136.854802 85.492 52.4897
2152.339333 85.516 51.2206
2167.936071 85.567 50.0969
2183.645829 85.653 49.0166
2199.469427 85.777 47.8698
2215.407689 85.937 46.5300
2231.461446 86.123 44.8682
2247.631536 86.318 42.7854
2263.918800 86.502 40.2439
2280.324089 86.654 37.2781
2296.848258 86.757 33.9896
2313.492167 86.801 30.5303
2330.256685 86.783 27.0737
2347.142685 86.713 23.7781
2364.151049 86.601 20.7571
2381.282662 86.463 18.0699
2398.538418 86.310 15.7343
2415.919216 86.151 13.7622
2433.425962 85.995 12.1957
2451.059570 85.847 11.1141
2468.820958 85.714 10.6146
2486.711052 85.602 10.7694
2504.730786 85.519 11.5662
2522.881098 85.472 12.8649
2541.162934 85.465 14.4236
2559.577248 85.497 16.0000
2578.125000 85.565 17.4760
2596.807157 85.661 18.9285
2615.624692 85.775 20.6075
2634.578586 85.900 22.8590
2653.669829 86.027 26.0101
2672.899414 86.150 30.1930
2692.268345 86.268 35.1534
2711.777632 86.378 40.2345
2731.428290 86.481 44.6720
2751.221345 86.577 47.9679
2771.157829 86.670 49.9833
2791.238781 86.763 50.7961
2811.465248 86.856 50.5637
2831.838284 86.951 49.4652
2852.358952 87.047 47.6835
2873.028321 87.146 45.3898
2893.847468 87.247 42.7347
2914.817480 87.354 39.8394
2935.939449 87.469 36.7893
2957.214476 87.597 33.6392
2978.643672 87.738 30.4219
3000.228152 87.893 27.1549
3021.969041 88.059 23.8450
3043.867475 88.230 20.4908
3065.924593 88.396 17.0844
3088.141547 88.547 13.6150
3110.519493 88.669 10.0786
3133.059600 88.750 6.4902
3155.763041 88.783 2.8920
3178.631001 88.766 -0.6537
3201.664672 88.703 -4.0760
3224.865254 88.601 -7.3054
3248.233957 88.470 -10.2755
3271.771999 88.317 -12.9248
3295.480608 88.149 -15.1941
3319.361019 87.970 -17.0164
3343.414477 87.783 -18.3115
3367.642236 87.589 -18.9989
3392.045560 87.393 -19.0332
3416.625721 87.198 -18.4426
3441.383999 87.008 -17.3317
3466.321686 86.830 -15.8413
3491.440082 86.666 -14.0963
3516.740496 86.524 -12.1815
3542.224247 86.412 -10.1545
3567.892664 86.341 -8.0861
3593.747085 86.319 -6.0878
3619.788858 86.348 -4.3010
3646.019340 86.427 -2.8557
3672.439900 86.548 -1.8337
3699.051913 86.699 -1.2512
3725.856768 86.871 -1.0664
3752.855862 87.051 -1.2009
3780.050603 87.232 -1.5635
3807.442408 87.407 -2.0715
3835.032705 87.573 -2.6688
3862.822933 87.730 -3.3373
3890.814540 87.877 -4.1030
3919.008986 88.015 -5.0210
3947.407741 88.138 -6.1416
3976.012284 88.243 -7.4819
4004.824108 88.325 -9.0249
4033.844715 88.379 -10.7350
4063.075616 88.406 -12.5671
4092.518337 88.406 -14.4668
4122.174412 88.384 -16.3789
4152.045387 88.347 -18.2666
4182.132820 88.300 -20.1227
4212.438278 88.248 -21.9666
4242.963342 88.192 -23.8225
4273.709604 88.131 -25.6941
4304.678665 88.064 -27.5498
4335.872141 87.992 -29.3235
4367.291658 87.915 -30.9238
4398.938854 87.834 -32.2488
4430.815378 87.751 -33.2056
4462.922893 87.666 -33.7363
4495.263072 87.577 -33.8425
4527.837601 87.482 -33.5883
4560.648179 87.376 -33.0653
4593.696515 87.258 -32.3353
4626.984334 87.130 -31.4031
4660.513370 87.001 -30.2408
4694.285371 86.881 -28.8350
4728.302098 86.783 -27.2272
4762.565324 86.717 -25.5388
4797.076835 86.692 -23.9618
4831.838432 86.710 -22.7046
4866.851925 86.766 -21.9193
4902.119140 86.849 -21.6600
4937.641916 86.948 -21.8881
4973.422105 87.052 -22.5092
5009.461572 87.154 -23.4197
5045.762195 87.249 -24.5414
5082.325868 87.334 -25.8370
5119.154496 87.403 -27.3024
5156.250000 87.451 -28.9369
5193.614313 87.471 -30.7144
5231.249383 87.461 -32.5759
5269.157173 87.418 -34.4392
5307.339658 87.343 -36.2054
5345.798829 87.241 -37.7625
5384.536691 87.121 -38.9945
5423.555263 86.993 -39.7877
5462.856580 86.868 -40.0250
5502.442691 86.752 -39.5824
5542.315659 86.650 -38.3483
5582.477563 86.568 -36.2762
5622.930497 86.505 -33.4562
5663.676569 86.464 -30.1523
5704.717904 86.444 -26.7589
5746.056642 86.448 -23.6835
5787.694937 86.475 -21.2207
5829.634960 86.528 -19.5023
5871.878898 86.606 -18.5376
5914.428953 86.707 -18.2773
5957.287343 86.822 -18.6516
6000.456303 86.943 -19.5798
6043.938083 87.059 -20.9648
6087.734950 87.160 -22.6962
6131.849187 87.242 -24.6625
6176.283094 87.301 -26.7648
6221.038987 87.336 -28.9210
6266.119200 87.345 -31.0575
6311.526083 87.325 -33.0964
6357.262002 87.273 -34.9399
6403.329344 87.189 -36.4584
6449.730508 87.079 -37.4930
6496.467914 86.955 -37.8756
6543.543998 86.835 -37.4553
6590.961215 86.737 -36.1434
6638.722037 86.677 -33.9731
6686.828954 86.664 -31.1550
6735.284473 86.699 -28.0850
6784.091120 86.772 -25.2589
6833.251441 86.871 -23.1097
6882.767998 86.981 -21.8727
6932.643372 87.088 -21.5668
6982.880164 87.181 -22.0667
7033.480992 87.255 -23.1892
7084.448495 87.306 -24.7523
7135.785329 87.333 -26.5989
7187.494171 87.336 -28.5931
7239.577717 87.315 -30.6069
7292.038681 87.271 -32.5096
7344.879799 87.206 -34.1718
7398.103826 87.125 -35.4756
7451.713536 87.034 -36.3229
7505.711724 86.938 -36.6321
7560.101205 86.841 -36.3319
7614.884815 86.749 -35.3541
7670.065409 86.668 -33.6409
7725.645865 86.607 -31.1776
7781.629080 86.573 -28.0427
7838.017972 86.572 -24.4520
7894.815481 86.606 -20.7656
7952.024569 86.673 -17.4119
8009.648217 86.766 -14.7590
8067.689429 86.874 -13.0120
8126.151233 86.983 -12.1891
8185.036674 87.082 -12.1700
8244.348824 87.158 -12.7661
8304.090774 87.205 -13.7678
8364.265639 87.215 -14.9655
8424.876556 87.190 -16.1549
8485.926684 87.134 -17.1422
8547.419207 87.056 -17.7505
8609.357330 86.966 -17.8334
8671.744282 86.878 -17.2950
8734.583316 86.805 -16.1198
8797.877707 86.759 -14.4042
8861.630756 86.750 -12.3651
8925.845785 86.784 -10.2933
8990.526143 86.859 -8.4705
9055.675202 86.966 -7.0948
9121.296357 87.094 -6.2571
9187.393031 87.227 -5.9525
9253.968668 87.351 -6.1055
9321.026740 87.456 -6.5934
9388.570742 87.536 -7.2712
9456.604196 87.590 -7.9957
9525.130648 87.619 -8.6373
9594.153671 87.628 -9.0845
9663.676863 87.621 -9.2466
9733.703850 87.605 -9.0607
9804.238280 87.588 -8.5013
9875.283832 87.579 -7.5905
9946.844210 87.585 -6.4070
10018.923143 87.609 -5.0884
10091.524390 87.651 -3.8057
10164.651736 87.707 -2.7153
10238.308993 87.767 -1.9120
10312.500000 87.824 -1.4091
10387.228626 87.870 -1.1467
10462.498767 87.900 -1.0193
10538.314345 87.915 -0.9128
10614.679315 87.919 -0.7439
10691.597657 87.919 -0.4835
10769.073381 87.921 -0.1581
10847.110526 87.928 0.1714
10925.713161 87.940 0.4388
11004.885382 87.956 0.5986
11084.631318 87.975 0.6332
11164.955126 87.995 0.5449
11245.860993 88.016 0.3458
11327.353138 88.036 0.0546
11409.435808 88.055 -0.3070
11492.113283 88.071 -0.7188
11575.389873 88.083 -1.1609
11659.269920 88.089 -1.6116
11743.757796 88.087 -2.0465
11828.857906 88.075 -2.4412
11914.574686 88.053 -2.7766
12000.912606 88.021 -3.0457
12087.876166 87.982 -3.2560
12175.469900 87.937 -3.4248
12263.698373 87.887 -3.5697
12352.566187 87.832 -3.7015
12442.077974 87.771 -3.8171
12532.238400 87.702 -3.8959
12623.052165 87.625 -3.9042
12714.524005 87.542 -3.8058
12806.658687 87.458 -3.5746
12899.461015 87.380 -3.2063
12992.935827 87.312 -2.7256
13087.087996 87.260 -2.1863
13181.922430 87.224 -1.6573
13277.444074 87.202 -1.2031
13373.657907 87.188 -0.8630
13470.568945 87.174 -0.6420
13568.182241 87.156 -0.5138
13666.502883 87.132 -0.4379
13765.535996 87.102 -0.3792
13865.286744 87.071 -0.3259
13965.760328 87.041 -0.2938
14066.961984 87.013 -0.3176
14168.896989 86.983 -0.4362
14271.570658 86.944 -0.6730
14374.988342 86.889 -1.0210
14479.155433 86.808 -1.4377
14584.077362 86.697 -1.8500
14689.759598 86.553 -2.1691
14796.207652 86.382 -2.3140
14903.427072 86.192 -2.2334
15011.423448 85.995 -1.9233
15120.202410 85.803 -1.4304
15229.769630 85.623 -0.8359
15340.130819 85.459 -0.2273
15451.291730 85.311 0.3301
15563.258160 85.172 0.8093
15676.035944 85.039 1.2230
15789.630962 84.906 1.6107
15904.049137 84.774 2.0204
16019.296433 84.644 2.4858
16135.378859 84.521 3.0089
16252.302465 84.407 3.5544
16370.073348 84.305 4.0631
16488.697648 84.208 4.4768
16608.181548 84.109 4.7639
16728.531278 83.998 4.9337
16849.753112 83.868 5.0332
16971.853368 83.714 5.1307
17094.838414 83.535 5.2944
17218.714660 83.336 5.5743
17343.488565 83.122 5.9944
17469.166632 82.897 6.5547
17595.755415 82.667 7.2429
17723.261512 82.433 8.0449
17851.691571 82.196 8.9500
17981.052287 81.957 9.9498
18111.350404 81.717 11.0333
18242.592715 81.478 12.1816
18374.786062 81.239 13.3678
18507.937336 81.001 14.5607
18642.053479 80.761 15.7312
18777.141484 80.516 16.8593
18913.208391 80.262 17.9358
19050.261296 79.996 18.9597
19188.307342 79.715 19.9303
19327.353727 79.418 20.8375
19467.407699 79.103 21.6605
19608.476560 78.766 22.3744
19750.567664 78.404 22.9631
19893.688419 78.012 23.4268
20037.846286 77.584 23.7809
20183.048781 77.120 24.0471
20329.303472 76.620 24.2429
20476.617985 76.085 24.3733
20625.000000 75.521 24.4283
20774.457252 74.932 24.3882
20924.997533 74.328 24.2314
21076.628691 73.716 23.9457
21229.358631 73.111 23.5347
21383.195315 72.531 23.0239
21538.146763 72.003 22.4634
21694.221053 71.559 21.9260
21851.426321 71.234 21.4985
22009.770764 71.062 21.2606
