* Measurement data measured by REW V5.31.3
* Source: Input device not selected, no input selected, R, volume: no control
* Format: 256k Log Swept Sine, 1 sweep at -12.0 dBFS with no timing reference
* Dated: Sep 17, 2025 8:57:52 PM
* REW Settings:
*  C-weighting compensation: Off
*  Target level: 75.0 dB
* Note: ; 
* Measurement: 3
* Smoothing: 1/6 octave
* Frequency Step: 96 ppo
* Start Frequency: 20.141602 Hz
*
* Freq(Hz) SPL(dB) Phase(degrees)
20.141602 55.263 65.7926
20.287556 55.331 65.0689
20.434568 55.415 64.1335
20.582645 55.506 63.0582
20.731796 55.595 61.9314
20.882027 55.675 60.8566
21.033346 55.746 59.9517
21.185763 55.812 59.3472
21.339284 55.884 59.1812
21.493917 55.981 59.5897
21.649671 56.127 60.6870
21.806553 56.350 62.5359
21.964572 56.673 65.1097
22.123737 57.111 68.2636
22.284054 57.667 71.7389
22.445534 58.330 75.2167
22.608183 59.081 78.4009
22.772012 59.899 81.0855
22.937027 60.763 83.1762
23.103238 61.657 84.6689
23.270654 62.571 85.6135
23.439282 63.498 86.0805
23.609133 64.434 86.1414
23.780215 65.377 85.8599
23.952536 66.325 85.2917
24.126106 67.279 84.4884
24.300934 68.240 83.5021
24.477028 69.209 82.3878
24.654399 70.188 81.2038
24.833055 71.181 80.0072
25.013005 72.189 78.8470
25.194260 73.213 77.7518
25.376828 74.252 76.7184
25.560719 75.302 75.7013
25.745942 76.356 74.6110
25.932508 77.408 73.3238
26.120426 78.446 71.7024
26.309705 79.462 69.6217
26.500356 80.445 66.9903
26.692388 81.387 63.7605
26.885812 82.279 59.9278
27.080638 83.116 55.5224
27.276876 83.891 50.5981
27.474535 84.601 45.2224
27.673627 85.243 39.4691
27.874161 85.813 33.4131
28.076149 86.312 27.1277
28.279600 86.738 20.6828
28.484526 87.092 14.1448
28.690937 87.375 7.5758
28.898843 87.589 1.0339
29.108256 87.738 -5.4275
29.319186 87.825 -11.7595
29.531645 87.856 -17.9188
29.745644 87.837 -23.8686
29.961193 87.776 -29.5798
30.178304 87.682 -35.0316
30.396989 87.564 -40.2130
30.617258 87.431 -45.1227
30.839123 87.292 -49.7685
31.062596 87.156 -54.1658
31.287688 87.027 -58.3350
31.514412 86.911 -62.2989
31.742778 86.810 -66.0801
31.972800 86.723 -69.6987
32.204488 86.651 -73.1720
32.437855 86.594 -76.5142
32.672913 86.550 -79.7374
32.909674 86.520 -82.8529
33.148151 86.503 -85.8719
33.388356 86.499 -88.8063
33.630302 86.507 -91.6683
33.874001 86.527 -94.4693
34.119466 86.558 -97.2201
34.366710 86.598 -99.9294
34.615745 86.646 -102.6039
34.866585 86.702 -105.2488
35.119243 86.764 -107.8684
35.373731 86.832 -110.4664
35.630064 86.906 -113.0468
35.888254 86.984 -115.6136
36.148315 87.067 -118.1712
36.410261 87.154 -120.7232
36.674104 87.243 -123.2726
36.939860 87.335 -125.8213
37.207542 87.428 -128.3705
37.477163 87.522 -130.9206
37.748738 87.618 -133.4721
38.022281 87.714 -136.0255
38.297806 87.811 -138.5825
38.575327 87.909 -141.1451
38.854860 88.008 -143.7161
39.136419 88.108 -146.2982
39.420017 88.208 -148.8942
39.705671 88.308 -151.5060
39.993395 88.407 -154.1347
40.283203 88.505 -156.7804
40.575112 88.600 -159.4424
40.869136 88.694 -162.1191
41.165290 88.784 -164.8085
41.463591 88.872 -167.5085
41.764053 88.958 -170.2171
42.066693 89.041 -172.9329
42.371525 89.123 -175.6551
42.678567 89.202 -178.3835
42.987834 89.280 178.8811
43.299341 89.356 176.1372
43.613106 89.431 173.3825
43.929145 89.503 170.6143
44.247473 89.573 167.8295
44.568109 89.640 165.0250
44.891068 89.703 162.1978
45.216367 89.760 159.3459
45.544023 89.812 156.4680
45.874054 89.855 153.5638
46.206476 89.890 150.6340
46.541307 89.915 147.6804
46.878565 89.930 144.7052
47.218266 89.932 141.7120
47.560429 89.922 138.7051
47.905072 89.899 135.6904
48.252212 89.861 132.6753
48.601867 89.807 129.6691
48.954056 89.737 126.6834
49.308798 89.651 123.7311
49.666109 89.550 120.8259
50.026010 89.434 117.9817
50.388520 89.305 115.2106
50.753656 89.165 112.5232
51.121437 89.017 109.9263
51.491884 88.864 107.4235
51.865016 88.708 105.0142
52.240851 88.555 102.6934
52.619410 88.405 100.4518
53.000712 88.262 98.2757
53.384777 88.129 96.1479
53.771625 88.005 94.0489
54.161276 87.892 91.9591
54.553751 87.789 89.8604
54.949070 87.693 87.7389
55.347254 87.604 85.5853
55.748323 87.519 83.3960
56.152298 87.437 81.1718
56.559201 87.357 78.9162
56.969052 87.279 76.6337
57.381873 87.204 74.3278
57.797686 87.133 72.0001
58.216512 87.067 69.6504
58.638373 87.007 67.2768
59.063291 86.954 64.8758
59.491288 86.908 62.4417
59.922386 86.869 59.9662
60.356608 86.835 57.4369
60.793977 86.806 54.8380
61.234515 86.779 52.1526
61.678246 86.747 49.3652
62.125192 86.706 46.4658
62.575377 86.650 43.4516
63.028824 86.573 40.3276
63.485557 86.471 37.1052
63.945599 86.341 33.7993
64.408975 86.183 30.4260
64.875709 85.996 27.0002
65.345825 85.783 23.5355
65.819348 85.545 20.0438
66.296302 85.285 16.5371
66.776713 85.006 13.0276
67.260604 84.712 9.5264
67.748002 84.407 6.0422
68.238932 84.097 2.5783
68.733420 83.787 -0.8698
69.231490 83.483 -4.3159
69.733170 83.192 -7.7836
70.238485 82.917 -11.3049
70.747463 82.662 -14.9182
71.260128 82.428 -18.6665
71.776508 82.217 -22.5950
72.296630 82.029 -26.7493
72.820521 81.863 -31.1743
73.348209 81.719 -35.9136
73.879720 81.600 -41.0071
74.415083 81.506 -46.4899
74.954326 81.441 -52.3881
75.497475 81.408 -58.7157
76.044561 81.411 -65.4688
76.595612 81.453 -72.6227
77.150655 81.539 -80.1295
77.709720 81.671 -87.9210
78.272837 81.850 -95.9150
78.840034 82.076 -104.0259
79.411342 82.348 -112.1750
79.986789 82.660 -120.3009
80.566406 83.008 -128.3629
81.150224 83.385 -136.3412
81.738272 83.780 -144.2331
82.330581 84.187 -152.0449
82.927182 84.596 -159.7861
83.528107 84.998 -167.4626
84.133386 85.384 -175.0736
84.743051 85.748 177.3909
85.357134 86.084 169.9484
85.975667 86.385 162.6215
86.598682 86.648 155.4351
87.226212 86.867 148.4124
87.858289 87.039 141.5734
88.494946 87.161 134.9329
89.136217 87.230 128.5015
89.782135 87.245 122.2858
90.432733 87.205 116.2911
91.088046 87.111 110.5217
91.748108 86.963 104.9832
92.412952 86.765 99.6829
93.082615 86.522 94.6301
93.757130 86.239 89.8358
94.436533 85.925 85.3117
95.120859 85.587 81.0688
95.810144 85.235 77.1149
96.504423 84.877 73.4527
97.203734 84.522 70.0771
97.908112 84.180 66.9731
98.617595 83.857 64.1155
99.332219 83.562 61.4686
100.052021 83.302 58.9883
100.777039 83.083 56.6243
101.507311 82.912 54.3229
102.242875 82.796 52.0291
102.983769 82.740 49.6880
103.730032 82.750 47.2455
104.481702 82.831 44.6464
105.238820 82.982 41.8331
106.001424 83.204 38.7438
106.769554 83.492 35.3108
107.543250 83.839 31.4610
108.322553 84.234 27.1171
109.107503 84.667 22.2004
109.898141 85.125 16.6349
110.694508 85.596 10.3509
111.496646 86.067 3.2888
112.304596 86.528 -4.5986
113.118402 86.969 -13.3453
113.938104 87.382 -22.9709
114.763747 87.759 -33.4771
115.595372 88.096 -44.8378
116.433024 88.391 -56.9809
117.276746 88.646 -69.7646
118.126581 88.862 -82.9617
118.982575 89.046 -96.2731
119.844772 89.204 -109.3750
120.713217 89.345 -121.9860
121.587954 89.477 -133.9177
122.469031 89.608 -145.0883
123.356492 89.743 -155.5012
124.250384 89.886 -165.2131
125.150753 90.039 -174.3024
126.057647 90.201 177.1514
126.971113 90.369 169.0762
127.891198 90.539 161.4109
128.817950 90.706 154.1041
129.751418 90.863 147.1121
130.691651 91.005 140.3975
131.638696 91.127 133.9290
132.592604 91.225 127.6824
133.553425 91.297 121.6401
134.521208 91.343 115.7915
135.496004 91.361 110.1310
136.477864 91.354 104.6567
137.466839 91.323 99.3677
138.462981 91.271 94.2615
139.466340 91.199 89.3329
140.476971 91.110 84.5726
141.494925 91.005 79.9683
142.520256 90.886 75.5051
143.553016 90.753 71.1682
144.593260 90.606 66.9436
145.641043 90.443 62.8215
146.696418 90.262 58.7981
147.759441 90.057 54.8767
148.830166 89.826 51.0708
149.908651 89.564 47.4031
150.994951 89.267 43.9069
152.089123 88.931 40.6251
153.191223 88.556 37.6097
154.301310 88.141 34.9183
155.419441 87.689 32.6116
156.545674 87.205 30.7483
157.680069 86.698 29.3817
158.822683 86.177 28.5543
159.973578 85.656 28.2948
161.132813 85.152 28.6136
162.300447 84.685 29.5005
163.476543 84.274 30.9192
164.661162 83.941 32.8019
165.854364 83.707 35.0417
167.056213 83.585 37.4894
168.266772 83.583 39.9586
169.486102 83.698 42.2480
170.714268 83.914 44.1707
171.951334 84.212 45.5834
173.197364 84.567 46.4015
174.452424 84.956 46.5979
175.716578 85.356 46.1893
176.989893 85.751 45.2203
178.272434 86.128 43.7478
179.564270 86.477 41.8318
180.865467 86.788 39.5299
182.176092 87.056 36.8969
183.496216 87.273 33.9860
184.825905 87.433 30.8527
186.165229 87.530 27.5580
187.514259 87.559 24.1707
188.873065 87.516 20.7686
190.241717 87.400 17.4373
191.620287 87.211 14.2686
193.008847 86.953 11.3608
194.407468 86.630 8.8192
195.816225 86.252 6.7563
197.235190 85.827 5.2905
198.664438 85.373 4.5371
200.104042 84.909 4.5874
201.554078 84.460 5.4734
203.014622 84.054 7.1246
204.485750 83.719 9.3389
205.967538 83.475 11.7986
207.460064 83.330 14.1448
208.963405 83.276 16.0751
210.477640 83.293 17.4121
212.002848 83.355 18.1160
213.539108 83.435 18.2565
215.086500 83.513 17.9773
216.645105 83.576 17.4662
218.215005 83.620 16.9373
219.796281 83.655 16.6212
221.389015 83.698 16.7592
222.993292 83.776 17.5951
224.609193 83.916 19.3556
226.236804 84.145 22.1982
227.876209 84.478 26.1141
229.527494 84.917 30.8129
231.190745 85.444 35.6940
232.866048 86.034 40.0109
234.553491 86.653 43.1548
236.253163 87.267 44.8337
237.965150 87.849 45.0522
239.689544 88.374 43.9928
241.426433 88.826 41.9087
243.175909 89.194 39.0616
244.938062 89.474 35.6940
246.712984 89.665 32.0160
248.500768 89.774 28.2017
250.301507 89.808 24.3871
252.115295 89.778 20.6746
253.942226 89.696 17.1381
255.782396 89.572 13.8298
257.635901 89.419 10.7861
259.502837 89.248 8.0311
261.383301 89.071 5.5784
263.277392 88.900 3.4299
265.185209 88.746 1.5730
267.106850 88.621 -0.0262
269.042417 88.534 -1.4276
270.992009 88.490 -2.7172
272.955729 88.487 -3.9967
274.933678 88.516 -5.3633
276.925961 88.562 -6.8861
278.932681 88.609 -8.5909
280.953942 88.638 -10.4558
282.989850 88.637 -12.4178
285.040511 88.600 -14.3881
287.106032 88.527 -16.2708
289.186521 88.424 -17.9852
291.282086 88.303 -19.4854
293.392836 88.180 -20.7738
295.518881 88.068 -21.9025
297.660333 87.975 -22.9565
299.817302 87.902 -24.0271
301.989902 87.844 -25.1816
304.178245 87.794 -26.4484
306.382446 87.742 -27.8169
308.602620 87.682 -29.2555
310.838882 87.612 -30.7318
313.091348 87.529 -32.2245
315.360137 87.428 -33.7170
317.645367 87.304 -35.1819
319.947156 87.150 -36.5624
322.265625 86.960 -37.7698
324.600895 86.734 -38.6971
326.953086 86.481 -39.2498
329.322323 86.213 -39.3792
331.708729 85.950 -39.1095
334.112427 85.710 -38.5431
336.533543 85.507 -37.8361
338.972204 85.350 -37.1548
341.428536 85.237 -36.6304
343.902668 85.161 -36.3325
346.394729 85.111 -36.2672
348.904848 85.077 -36.3921
351.433156 85.051 -36.6359
353.979786 85.028 -36.9167
356.544869 85.010 -37.1571
359.128540 85.001 -37.2971
361.730934 85.005 -37.3083
364.352185 85.029 -37.2058
366.992431 85.078 -37.0514
369.651810 85.151 -36.9419
372.330459 85.242 -36.9785
375.028519 85.339 -37.2322
377.746130 85.432 -37.7195
380.483434 85.512 -38.4048
383.240574 85.573 -39.2161
386.017693 85.613 -40.0634
388.814937 85.637 -40.8534
391.632450 85.649 -41.4956
394.470380 85.660 -41.9086
397.328875 85.681 -42.0309
400.208084 85.728 -41.8413
403.108157 85.813 -41.3822
406.029245 85.949 -40.7704
408.971500 86.137 -40.1804
411.935076 86.373 -39.7996
414.920127 86.644 -39.7764
417.926810 86.934 -40.1886
420.955280 87.228 -41.0422
424.005695 87.517 -42.2905
427.078215 87.796 -43.8622
430.173000 88.065 -45.6876
433.290211 88.327 -47.7168
436.430010 88.584 -49.9265
439.592562 88.838 -52.3180
442.778031 89.085 -54.9084
445.986583 89.320 -57.7201
449.218386 89.533 -60.7683
452.473607 89.714 -64.0529
455.752418 89.853 -67.5544
459.054987 89.940 -71.2363
462.381489 89.967 -75.0482
465.732096 89.929 -78.9276
469.106983 89.820 -82.8030
472.506325 89.639 -86.5958
475.930301 89.386 -90.2249
479.379088 89.064 -93.6113
482.852867 88.678 -96.6829
486.351817 88.236 -99.3781
489.876123 87.746 -101.6469
493.425968 87.220 -103.4509
497.001536 86.669 -104.7626
500.603014 86.107 -105.5674
504.230589 85.549 -105.8698
507.884452 85.010 -105.7008
511.564792 84.508 -105.1255
515.271802 84.059 -104.2448
519.005673 83.675 -103.1880
522.766602 83.364 -102.0957
526.554785 83.124 -101.0964
530.370418 82.949 -100.2876
534.213700 82.827 -99.7241
538.084833 82.742 -99.4197
541.984018 82.681 -99.3575
545.911457 82.630 -99.5035
549.867357 82.578 -99.8125
553.851922 82.516 -100.2271
557.865362 82.439 -100.6763
561.907884 82.347 -101.0808
565.979700 82.243 -101.3666
570.081022 82.139 -101.4772
574.212064 82.045 -101.3804
578.373042 81.977 -101.0681
582.564171 81.946 -100.5537
586.785671 81.964 -99.8695
591.037762 82.037 -99.0623
595.320665 82.167 -98.1897
599.634604 82.353 -97.3225
603.979804 82.587 -96.5481
608.356491 82.856 -95.9720
612.764893 83.147 -95.7095
617.205240 83.440 -95.8627
621.677763 83.718 -96.4926
626.182696 83.967 -97.5975
630.720274 84.176 -99.1200
635.290733 84.340 -100.9692
639.894312 84.456 -103.0446
644.531250 84.526 -105.2479
649.201789 84.556 -107.4961
653.906173 84.555 -109.7344
658.644647 84.534 -111.9434
663.417457 84.505 -114.1316
668.224854 84.476 -116.3220
673.067086 84.452 -118.5444
677.944408 84.435 -120.8286
682.857073 84.420 -123.1934
687.805336 84.400 -125.6311
692.789457 84.363 -128.0986
697.809695 84.300 -130.5146
702.866312 84.203 -132.7644
707.959571 84.068 -134.7125
713.089738 83.897 -136.2262
718.257080 83.695 -137.1953
723.461867 83.471 -137.5293
728.704370 83.230 -137.1272
733.984862 82.980 -135.8536
739.303619 82.728 -133.5704
744.660918 82.489 -130.2466
750.057038 82.280 -126.0878
755.492260 82.123 -121.5665
760.966869 82.034 -117.2885
766.481148 82.029 -113.7886
772.035387 82.107 -111.3932
777.629873 82.261 -110.1965
783.264900 82.472 -110.1183
788.940760 82.717 -110.9871
794.657750 82.975 -112.6055
800.416168 83.228 -114.7859
806.216313 83.464 -117.3617
812.058489 83.674 -120.1880
817.943000 83.858 -123.1440
823.870152 84.016 -126.1394
829.840255 84.153 -129.1193
835.853619 84.272 -132.0588
841.910559 84.371 -134.9412
848.011390 84.445 -137.7264
854.156430 84.489 -140.3325
860.346000 84.496 -142.6361
866.580422 84.465 -144.4968
872.860020 84.397 -145.8049
879.185124 84.299 -146.5436
885.556062 84.179 -146.8287
891.973166 84.044 -146.8829
898.436771 83.898 -146.9431
904.947215 83.742 -147.1664
911.504835 83.576 -147.5978
918.109975 83.400 -148.1987
924.762978 83.213 -148.8802
931.464192 83.014 -149.5109
938.213966 82.803 -149.9211
945.012651 82.587 -149.9355
951.860602 82.377 -149.4385
958.758176 82.191 -148.4460
965.705733 82.046 -147.1414
972.703635 81.957 -145.8319
979.752246 81.926 -144.8396
986.851935 81.947 -144.3910
994.003071 82.008 -144.5693
1001.206027 82.089 -145.3330
1008.461179 82.174 -146.5652
1015.768904 82.255 -148.1196
1023.129584 82.325 -149.8580
1030.543603 82.386 -151.6732
1038.011347 82.438 -153.4850
1045.533205 82.481 -155.2177
1053.109569 82.510 -156.7792
1060.740836 82.519 -158.0509
1068.427401 82.502 -158.8989
1076.169666 82.459 -159.2056
1083.968035 82.391 -158.9170
1091.822915 82.309 -158.0723
1099.734713 82.226 -156.7867
1107.703844 82.155 -155.2136
1115.730723 82.112 -153.5291
1123.815768 82.108 -151.9342
1131.959400 82.152 -150.6345
1140.162045 82.248 -149.7899
1148.424129 82.393 -149.4753
1156.746083 82.580 -149.6846
1165.128342 82.802 -150.3588
1173.571343 83.049 -151.4120
1182.075524 83.313 -152.7517
1190.641331 83.587 -154.2960
1199.269209 83.865 -155.9800
1207.959608 84.141 -157.7517
1216.712981 84.412 -159.5642
1225.529785 84.675 -161.3788
1234.410479 84.932 -163.1816
1243.355526 85.190 -165.0022
1252.365393 85.448 -166.9120
1261.440549 85.706 -169.0004
1270.581467 85.956 -171.3434
1279.788624 86.189 -173.9816
1289.062500 86.396 -176.9100
1298.403578 86.567 179.9137
1307.812346 86.696 176.5579
1317.289293 86.780 173.1055
1326.834914 86.819 169.6447
1336.449707 86.819 166.2570
1346.134173 86.789 163.0048
1355.888816 86.743 159.9226
1365.714145 86.697 157.0111
1375.610673 86.663 154.2406
1385.578915 86.652 151.5602
1395.619391 86.667 148.9102
1405.732624 86.706 146.2361
1415.919142 86.760 143.4996
1426.179476 86.820 140.6843
1436.514160 86.876 137.7953
1446.923734 86.917 134.8578
1457.408740 86.937 131.9110
1467.969724 86.931 128.9994
1478.607238 86.895 126.1664
1489.321836 86.828 123.4529
1500.114076 86.731 120.8942
1510.984521 86.608 118.5098
1521.933737 86.464 116.2961
1532.962297 86.308 114.2312
1544.070773 86.150 112.2810
1555.259747 85.999 110.3994
1566.529800 85.861 108.5306
1577.881521 85.740 106.6221
1589.315501 85.634 104.6376
1600.832336 85.539 102.5654
1612.432627 85.446 100.4196
1624.116978 85.346 98.2349
1635.886000 85.233 96.0604
1647.740304 85.101 93.9519
1659.680509 84.948 91.9680
1671.707238 84.774 90.1683
1683.821118 84.584 88.6129
1696.022780 84.384 87.3577
1708.312860 84.183 86.4441
1720.692000 83.993 85.8942
1733.160843 83.825 85.7118
1745.720041 83.692 85.8820
1758.370248 83.605 86.3596
1771.112124 83.575 87.0559
1783.946332 83.608 87.8389
1796.873543 83.704 88.5532
1809.894429 83.859 89.0505
1823.009670 84.060 89.2197
1836.219950 84.295 89.0067
1849.525956 84.549 88.4113
1862.928384 84.812 87.4698
1876.427931 85.072 86.2350
1890.025301 85.323 84.7605
1903.721204 85.559 83.0936
1917.516352 85.772 81.2738
1931.411466 85.958 79.3390
1945.407270 86.112 77.3353
1959.504493 86.233 75.3241
1973.703870 86.321 73.3813
1988.006142 86.385 71.5841
2002.412054 86.436 69.9883
2016.922357 86.487 68.6099
2031.537808 86.551 67.4158
2046.259169 86.638 66.3311
2061.087206 86.752 65.2554
2076.022694 86.895 64.0898
2091.066410 87.060 62.7592
2106.219139 87.238 61.2228
2121.481671 87.421 59.4750
2136.854802 87.601 57.5352
2152.339333 87.775 55.4314
2167.936071 87.939 53.1863
2183.645829 88.093 50.8141
2199.469427 88.233 48.3236
2215.407689 88.353 45.7256
2231.461446 88.446 43.0444
2247.631536 88.505 40.3265
2263.918800 88.527 37.6346
2280.324089 88.508 35.0352
2296.848258 88.449 32.5896
2313.492167 88.353 30.3523
2330.256685 88.225 28.3711
2347.142685 88.072 26.6948
2364.151049 87.904 25.3745
2381.282662 87.732 24.4487
2398.538418 87.568 23.9211
2415.919216 87.424 23.7397
2433.425962 87.304 23.7932
2451.059570 87.208 23.9385
2468.820958 87.127 24.0488
2486.711052 87.048 24.0549
2504.730786 86.960 23.9569
2522.881098 86.855 23.8015
2541.162934 86.733 23.6500
2559.577248 86.601 23.5588
2578.125000 86.469 23.5681
2596.807157 86.348 23.6923
2615.624692 86.247 23.9161
2634.578586 86.175 24.2053
2653.669829 86.135 24.5216
2672.899414 86.132 24.8359
2692.268345 86.164 25.1311
2711.777632 86.233 25.3938
2731.428290 86.335 25.6039
2751.221345 86.466 25.7316
2771.157829 86.619 25.7457
2791.238781 86.786 25.6284
2811.465248 86.959 25.3849
2831.838284 87.135 25.0383
2852.358952 87.313 24.6089
2873.028321 87.496 24.0936
2893.847468 87.684 23.4633
2914.817480 87.877 22.6763
2935.939449 88.070 21.6979
2957.214476 88.258 20.5132
2978.643672 88.433 19.1320
3000.228152 88.591 17.5825
3021.969041 88.728 15.9038
3043.867475 88.841 14.1392
3065.924593 88.929 12.3345
3088.141547 88.995 10.5372
3110.519493 89.041 8.7892
3133.059600 89.074 7.1143
3155.763041 89.101 5.5093
3178.631001 89.127 3.9473
3201.664672 89.153 2.3947
3224.865254 89.177 0.8287
3248.233957 89.198 -0.7517
3271.771999 89.211 -2.3300
3295.480608 89.215 -3.8802
3319.361019 89.207 -5.3760
3343.414477 89.188 -6.7970
3367.642236 89.154 -8.1321
3392.045560 89.104 -9.3746
3416.625721 89.037 -10.5123
3441.383999 88.953 -11.5177
3466.321686 88.854 -12.3480
3491.440082 88.745 -12.9500
3516.740496 88.632 -13.2704
3542.224247 88.524 -13.2667
3567.892664 88.429 -12.9117
3593.747085 88.356 -12.2025
3619.788858 88.313 -11.1752
3646.019340 88.307 -9.9132
3672.439900 88.345 -8.5383
3699.051913 88.427 -7.1901
3725.856768 88.551 -6.0050
3752.855862 88.712 -5.1031
3780.050603 88.899 -4.5778
3807.442408 89.099 -4.4865
3835.032705 89.299 -4.8451
3862.822933 89.486 -5.6287
3890.814540 89.652 -6.7815
3919.008986 89.789 -8.2303
3947.407741 89.894 -9.8943
3976.012284 89.967 -11.6920
4004.824108 90.009 -13.5497
4033.844715 90.024 -15.4073
4063.075616 90.016 -17.2214
4092.518337 89.987 -18.9622
4122.174412 89.941 -20.6084
4152.045387 89.876 -22.1432
4182.132820 89.796 -23.5529
4212.438278 89.703 -24.8290
4242.963342 89.600 -25.9728
4273.709604 89.491 -26.9950
4304.678665 89.379 -27.9084
4335.872141 89.263 -28.7157
4367.291658 89.141 -29.4014
4398.938854 89.009 -29.9335
4430.815378 88.869 -30.2754
4462.922893 88.722 -30.3972
4495.263072 88.574 -30.2817
4527.837601 88.432 -29.9232
4560.648179 88.308 -29.3265
4593.696515 88.211 -28.5109
4626.984334 88.153 -27.5208
4660.513370 88.142 -26.4415
4694.285371 88.182 -25.4010
4728.302098 88.269 -24.5483
4762.565324 88.392 -24.0157
4797.076835 88.537 -23.8861
4831.838432 88.685 -24.1813
4866.851925 88.822 -24.8687
4902.119140 88.936 -25.8785
4937.641916 89.022 -27.1228
4973.422105 89.076 -28.5107
5009.461572 89.102 -29.9606
5045.762195 89.101 -31.4039
5082.325868 89.080 -32.7834
5119.154496 89.039 -34.0476
5156.250000 88.984 -35.1473
5193.614313 88.915 -36.0327
5231.249383 88.834 -36.6505
5269.157173 88.744 -36.9489
5307.339658 88.650 -36.8884
5345.798829 88.559 -36.4607
5384.536691 88.478 -35.7090
5423.555263 88.415 -34.7366
5462.856580 88.373 -33.6844
5502.442691 88.352 -32.6875
5542.315659 88.349 -31.8313
5582.477563 88.360 -31.1373
5622.930497 88.384 -30.5795
5663.676569 88.420 -30.1155
5704.717904 88.469 -29.7142
5746.056642 88.528 -29.3678
5787.694937 88.595 -29.0856
5829.634960 88.664 -28.8809
5871.878898 88.730 -28.7596
5914.428953 88.791 -28.7170
5957.287343 88.844 -28.7432
6000.456303 88.890 -28.8315
6043.938083 88.929 -28.9797
6087.734950 88.961 -29.1823
6131.849187 88.986 -29.4253
6176.283094 89.004 -29.6879
6221.038987 89.017 -29.9490
6266.119200 89.024 -30.1975
6311.526083 89.029 -30.4387
6357.262002 89.032 -30.6904
6403.329344 89.030 -30.9707
6449.730508 89.020 -31.2820
6496.467914 88.995 -31.6007
6543.543998 88.953 -31.8784
6590.961215 88.891 -32.0547
6638.722037 88.816 -32.0784
6686.828954 88.734 -31.9270
6735.284473 88.656 -31.6157
6784.091120 88.590 -31.1943
6833.251441 88.541 -30.7297
6882.767998 88.510 -30.2860
6932.643372 88.498 -29.9089
6982.880164 88.502 -29.6224
7033.480992 88.519 -29.4329
7084.448495 88.547 -29.3364
7135.785329 88.582 -29.3278
7187.494171 88.622 -29.4075
7239.577717 88.664 -29.5850
7292.038681 88.705 -29.8750
7344.879799 88.739 -30.2887
7398.103826 88.755 -30.8158
7451.713536 88.746 -31.4082
7505.711724 88.703 -31.9729
7560.101205 88.624 -32.3794
7614.884815 88.511 -32.4772
7670.065409 88.375 -32.1196
7725.645865 88.230 -31.1908
7781.629080 88.099 -29.6366
7838.017972 88.004 -27.4985
7894.815481 87.963 -24.9354
7952.024569 87.988 -22.2125
8009.648217 88.078 -19.6442
8067.689429 88.225 -17.5063
8126.151233 88.409 -15.9683
8185.036674 88.611 -15.0741
8244.348824 88.811 -14.7700
8304.090774 88.996 -14.9464
8364.265639 89.155 -15.4733
8424.876556 89.284 -16.2195
8485.926684 89.378 -17.0593
8547.419207 89.435 -17.8698
8609.357330 89.457 -18.5232
8671.744282 89.447 -18.8828
8734.583316 89.412 -18.8093
8797.877707 89.366 -18.1868
8861.630756 89.327 -16.9662
8925.845785 89.312 -15.2113
8990.526143 89.337 -13.1155
9055.675202 89.409 -10.9637
9121.296357 89.525 -9.0463
9187.393031 89.675 -7.5750
9253.968668 89.843 -6.6472
9321.026740 90.010 -6.2587
9388.570742 90.162 -6.3347
9456.604196 90.285 -6.7592
9525.130648 90.371 -7.3939
9594.153671 90.416 -8.0903
9663.676863 90.419 -8.6965
9733.703850 90.385 -9.0634
9804.238280 90.323 -9.0565
9875.283832 90.247 -8.5795
9946.844210 90.175 -7.6064
10018.923143 90.126 -6.2117
10091.524390 90.117 -4.5690
10164.651736 90.158 -2.9133
10238.308993 90.247 -1.4739
10312.500000 90.375 -0.4138
10387.228626 90.525 0.1959
10462.498767 90.681 0.3679
10538.314345 90.827 0.1733
10614.679315 90.948 -0.2816
10691.597657 91.036 -0.8727
10769.073381 91.089 -1.4720
10847.110526 91.109 -1.9634
10925.713161 91.106 -2.2615
11004.885382 91.092 -2.3297
11084.631318 91.081 -2.1884
11164.955126 91.086 -1.9066
11245.860993 91.111 -1.5806
11327.353138 91.158 -1.3073
11409.435808 91.221 -1.1621
11492.113283 91.290 -1.1879
11575.389873 91.357 -1.3922
11659.269920 91.409 -1.7507
11743.757796 91.438 -2.2117
11828.857906 91.440 -2.7040
11914.574686 91.413 -3.1478
12000.912606 91.362 -3.4689
12087.876166 91.297 -3.6133
12175.469900 91.228 -3.5580
12263.698373 91.168 -3.3157
12352.566187 91.126 -2.9315
12442.077974 91.106 -2.4728
12532.238400 91.110 -2.0144
12623.052165 91.132 -1.6239
12714.524005 91.165 -1.3499
12806.658687 91.198 -1.2109
12899.461015 91.218 -1.1909
12992.935827 91.218 -1.2417
13087.087996 91.194 -1.2972
13181.922430 91.147 -1.2953
13277.444074 91.083 -1.1981
13373.657907 91.012 -1.0040
13470.568945 90.941 -0.7446
13568.182241 90.877 -0.4720
13666.502883 90.820 -0.2404
13765.535996 90.770 -0.0922
13865.286744 90.720 -0.0481
13965.760328 90.665 -0.1040
14066.961984 90.598 -0.2325
14168.896989 90.516 -0.3906
14271.570658 90.417 -0.5310
14374.988342 90.302 -0.6145
14479.155433 90.176 -0.6205
14584.077362 90.041 -0.5490
14689.759598 89.902 -0.4147
14796.207652 89.760 -0.2360
14903.427072 89.616 -0.0243
15011.423448 89.470 0.2173
15120.202410 89.325 0.4912
15229.769630 89.182 0.7997
15340.130819 89.043 1.1409
15451.291730 88.911 1.5048
15563.258160 88.786 1.8743
15676.035944 88.669 2.2296
15789.630962 88.556 2.5580
15904.049137 88.445 2.8588
16019.296433 88.333 3.1443
16135.378859 88.218 3.4325
16252.302465 88.101 3.7352
16370.073348 87.985 4.0514
16488.697648 87.868 4.3683
16608.181548 87.751 4.6704
16728.531278 87.630 4.9513
16849.753112 87.501 5.2211
16971.853368 87.358 5.5081
17094.838414 87.200 5.8534
17218.714660 87.027 6.2964
17343.488565 86.844 6.8599
17469.166632 86.655 7.5421
17595.755415 86.465 8.3193
17723.261512 86.276 9.1564
17851.691571 86.087 10.0201
17981.052287 85.896 10.8893
18111.350404 85.699 11.7578
18242.592715 85.494 12.6328
18374.786062 85.277 13.5284
18507.937336 85.048 14.4578
18642.053479 84.807 15.4258
18777.141484 84.556 16.4222
18913.208391 84.294 17.4219
19050.261296 84.021 18.3907
19188.307342 83.734 19.2972
19327.353727 83.428 20.1233
19467.407699 83.099 20.8684
19608.476560 82.742 21.5466
19750.567664 82.355 22.1757
19893.688419 81.938 22.7651
20037.846286 81.493 23.3076
20183.048781 81.021 23.7782
20329.303472 80.524 24.1426
20476.617985 80.003 24.3698
20625.000000 79.458 24.4410
20774.457252 78.890 24.3528
20924.997533 78.303 24.1150
21076.628691 77.703 23.7482
21229.358631 77.104 23.2799
21383.195315 76.526 22.7460
21538.146763 75.995 22.1943
21694.221053 75.547 21.6865
21851.426321 75.218 21.2925
22009.770764 75.044 21.0760
